-877729 183083 -625507 -125285 824896 731847 383077 -521697 256553 -96499
492633 -637513 -293332 895180 -557730 628678 -316367 762043 -215437 -225639
103585 285547 555619 351703 -279154 7599 180060 73987 -60098 922958
-832016 -944179 -692186 -516932 422155 114387 808003 760847 243629 715738
519958 -1425 824505 224486 -955326 48945 118059 145276 -481746 442582
-866079 -969409 918517 -257639 483774 -37035 630274 203856 -639328 -879193
-641074 488674 93437 721766 -359501 501958 229615 -431206 169435 -1421
-838630 -656085 455472 854255 575763 372783 575695 -731318 122815 -516758
-349630 947609 -686339 294719 862277 -33557 -781140 52467 71634 -779867
205108 117548 72012 893170 741147 -168876 -422584 -19554 -183145 103686
