947229 822769 272136 49217 11539 -171620 -440572 649223 779794 147728
-448518 -938760 -220989 955578 -773859 -598856 949627 134581 829910 181671
-356711 667980 -224591 139416 -603880 433202 171282 74827 608506 -927222
-597457 22508 -496920 -880675 449340 -44827 593971 -509355 431607 124979
-924325 -915067 -176263 121119 305627 -388561 -861875 791855 -424764 24675
216193 -767721 184038 -84739 537454 -767472 -760345 -959481 -536248 699404
-778588 -555754 716220 466727 641388 -243058 105923 -563787 52411 255861
609990 -146098 -626355 -576710 927003 772845 131323 571857 851093 -170970
906759 306090 -947163 827815 -548077 -421782 7702 692247 -590003 -998621
781095 700768 -482618 -558822 342623 -914914 906050 581059 827558 850859
