931023 336593 -24180 364860 -485256 -198982 -167633 754530 -881277 400191 -781004 243643 548559 19630 -624350 -554138 -695967 286606 -597841 -629361 153135 82961 -238352 306369 222222 654917 -519303 -874170 -146264 -726820 519974 965574 -314366 113680 67768 11486 -821503 366938 585966 -853476 640818 -450444 -752195 791183 -961940 -156571 -689409 -278181 340791 933976 140313 687796 919830 -813546 596258 906315 -65947 400317 409689 581274 -218134 -502349 -945113 595795 -980104 -321287 -131764 914232 257319 -713947 478251 136417 -58598 229238 -338532 -869600 -650220 930825 520208 -535289
-46903 -462894 -60286 366741 676035 -484378 694219 203465 246071 980415 966589 619297 524237 556681 438804 -366507 -449902 -763426 -195248 -727292 856909 -608792 334019 124624 579071 -100982 -212 -985609 403224 846277 646934 740913 -351944 -336284 327583 239637 153798 303070 128748 460206 -636595 572572 -897942 211150 959917 -256032 -98993 583187 526560 708889 -840265 703330 100719 95758 362139 332560 388566 -131555 -154883 430218 -888609 477829 -739833 696122 361429 -110787 768620 -429536 416475 -772701 -12238 556121 -232579 110255 506669 -748931 -758361 17527 -83137 226087
-664144 -527060 326047 827131 213415 449429 837735 -870458 564954 -380317 -129250 -866003 -979425 -370253 -570574 -430237 409996 385761 -248965 74927 784378 -559937 -190694 -400274 -533687 -940274 544991 -666039 647409 513737 -866945 546689 98921 -558143 -634029 792794 -437489 -992145 88069 982626 880473 -151975 127368 443056 808763 880056 38241 44225 360937 25466 -400122 637279 -801049 13098 320850 -87112 -301424 -527773 -240298 175889 568824 -763598 40722 -933812 -788666 -499352 39894 16446 -349007 -814548 458577 -231500 923460 503969 490741 782579 426035 -272411 485542 -732737
-572853 -803081 879753 419711 50788 233703 395258 956776 -59075 829741 932640 989009 624881 932799 -859914 -989673 750443 -943017 -96369 -246359 -327526 497317 915652 997663 -225132 -18349 -930397 -184850 359597 -237226 114958 -963764 669309 741203 416087 34186 873832 234239 991461 526423 -462140 -624781 733972 -198635 -183456 -866689 -87923 -803297 -523387 462413 983394 -364696 -875055 133747 -837832 -264446 866140 -245025 -522505 452209 -524376 -920707 737557 546396 249647 129410 -98795 -791866 -533195 759515 -55833 973565 -656827 455097 -378195 976679 -833891 -655641 826056 653677
-521457 329116 -617688 -736761 -531539 -375760 -479205 805622 941662 -604299 -905811 -749084 632103 -371539 -712596 511995 497165 -658545 -683263 981832 -837308 -358563 -203083 -731587 -562675 121077 183568 221270 -264188 141915 196140 -329674 -711640 -679730 -671652 -606957 -420506 853325 -371520 810942 960882 -708756 -996251 -976331 -198938 -163712 -394656 552157 676560 930192 434658 -12247 -601374 -33534 -482460 958345 709458 -423544 -406155 708640 483987 -238518 -475755 -983652 -744084 -583895 -72549 435322 717177 907205 -138392 359754 764958 -774048 167126 -251914 -661806 502784 -963406 219711
-82249 345292 -434656 -584021 487518 -442985 -863835 -191031 354737 550311 943906 -223528 801006 688135 522372 -40683 135428 181570 234153 949237 -904036 290755 387984 -707877 458714 190827 62989 -61288 277638 -818572 662837 -371111 -374822 222219 -315948 533895 -980471 -389017 -841723 288579 -605765 806939 992488 -348193 767482 957512 -854299 641199 -235189 -382313 -14829 -987805 -194626 274863 -130503 876485 -919972 999379 -91524 -618233 702002 -138797 807587 -265283 -292280 -387154 -555072 -855820 -524062 184519 887137 914813 994790 178291 855624 -412265 475451 208602 891448 -414010
-320825 -149368 -456441 855494 459920 -679511 225562 -675517 70552 564196 -881656 -257158 401912 -412378 -514950 -90952 -400170 813525 46225 -979255 -225181 958810 693930 -108727 -463786 597344 -884405 462315 786572 -973692 -16399 -776063 -893307 329789 211616 -42526 -885085 167299 -861146 490817 -365535 -52976 -847420 -636625 -84633 926875 546888 23106 490645 191738 995082 -117885 868534 646064 -821564 -896741 107409 -90880 684767 776448 44473 866434 750427 235966 878854 133832 -911193 -424972 -561105 285289 720182 680321 -699135 626885 -877335 864925 -91779 -670619 284673 -937015
459030 -147733 41289 -533912 -931748 -726740 -386461 391729 -631087 383628 -244935 -526926 -377301 375822 -538770 -232958 463736 -385594 545285 -112636 204882 -829095 -4466 323916 -935831 -815171 -82057 -740146 583693 518646 631664 -592638 916615 923896 -989558 380716 -658580 -293064 368661 8695 374451 -135259 886745 571083 -654422 662765 314237 576384 -349165 535510 865646 494072 544479 -997656 -808815 509105 -851565 744648 -178379 471918 -613879 101391 -378045 43437 669394 -507211 -298998 -412039 777061 283077 510956 273840 538537 -229058 195741 853084 -256431 603677 -804421 -597603
-712758 -458823 -430185 351794 657472 -496355 -720730 -88869 563231 293764 112186 867728 243651 442471 -196844 809645 -577011 264375 216851 -197030 -698479 556388 -467 -559171 -902105 -156464 -387707 75002 435762 -194038 -634762 -896084 900029 -620133 779315 -964971 -42988 -846118 -197912 -620477 338443 572212 -6213 956540 -31800 -326004 -879784 -242228 749746 -295634 45168 795186 631816 -131994 496925 97254 718059 -862036 876966 -343086 -137236 -116611 -570527 709496 -996666 750197 603187 159737 -447961 487472 -473038 379294 636973 -322750 -209909 -261587 -812122 -890621 -955433 -510725
-108015 -467624 -966275 -282160 977254 -904711 -115347 -123372 791384 -668344 590548 643421 972316 -931284 367515 231221 -127355 297657 164639 539453 791254 212899 -678355 129571 315354 196745 -682198 -412997 162896 -725913 -17235 -276780 843804 661257 390193 638213 -736178 480651 476813 535585 -876365 -38183 -578858 108302 -165834 269996 -457124 -416195 -480852 894321 549548 26141 -454548 -977507 -288904 -57898 -940920 992898 101494 -245870 -468980 860831 -425406 -613826 687969 621252 151637 489281 754996 207345 309239 136618 463719 309946 953305 -317500 -782157 683612 -340610 874691
59049 -241149 633316 895769 48962 -395642 331501 713151 -11822 -239754 -553459 -638325 -188951 646684 -235047 192402 576480 678261 -869557 23948 -750756 551188 -442994 281112 -503990 -67768 478269 563364 -431591 -479230 -2248 204757 920554 364390 -42920 601719 128429 914460 336172 841193 -228152 305101 -370350 -199523 675458 -349986 456667 124988 -96264 -651963 627072 -986350 -944281 -106543 -963122 -676211 33229 -506780 239134 578495 -565119 699333 -529657 -70408 331938 574799 -877808 -935786 -823765 -744687 128727 -197458 -971737 -342121 563056 -779545 -502570 181814 -328759 184220
-325655 -868141 -772802 -96929 -546541 424691 272585 -837907 167960 747216 -958975 -862099 -778223 837723 578917 643462 248584 -781885 -325347 -439154 874552 535691 -973538 638330 447790 860158 -430957 35693 -826040 -1906 -454747 267323 555560 -172230 167474 835802 34740 -806309 453240 449421 318313 -208504 -804776 860170 -165106 -452731 -487615 -951966 -186050 -521610 -406284 -948543 -879820 -683976 375809 -592171 780087 -868781 268931 249459 141194 940124 758542 -330592 479225 -692171 -399394 132741 238416 308593 738462 443831 294619 -305916 -711258 -413939 391719 -162595 584844 -977153
-916901 -771317 -234867 277888 91592 -542620 411319 -941385 -402646 169032 -367930 51373 737183 978117 -70582 218760 67060 255774 -378983 -560264 56776 729077 669826 955823 -240728 -582132 483892 989954 -57377 -2768 -804861 68644 -848986 -2039 -800528 -398141 321083 -624928 268231 826711 -54603 -802952 964914 679667 95053 -472958 936744 -742911 91848 -887577 589356 976010 600745 127451 731475 653523 374269 841385 769401 -266286 -991375 950254 -218604 499075 848690 -893943 -919469 -120869 928027 668823 -132851 795691 715065 542042 -769509 -604391 235176 -10632 -908871 134877
444589 557009 323422 -345511 875964 517750 213063 743829 353560 -374996 -306293 662382 -594620 -736016 -799650 880402 -864970 -325455 -203382 392875 98692 14483 -693904 -262843 974354 -951751 482578 -470617 -525863 -808212 -480129 736929 -920432 -223632 709454 286352 -158545 980476 901009 382809 852860 -532759 487536 403701 133922 811406 380843 451488 601805 -762041 -84137 977977 -483441 930309 813287 933501 582621 239287 -807166 -596674 624165 744192 -994126 831844 639831 -329835 991085 -131603 383799 732996 345291 850006 -262470 -732819 -560275 -824749 -456617 -112704 223856 849026
-27560 773177 428751 -268071 713089 561902 -471478 -867070 99990 -466342 -263011 888959 -231944 117209 834646 -502237 501370 284679 368538 -954235 -825235 692006 499417 -190538 -603611 -783418 -432571 -327020 -408032 -463789 -463252 -235856 385224 -517355 -41424 -889475 436377 -18167 431511 419217 -689992 446182 -307962 -255887 -474637 549017 440035 61729 -897008 -59052 423814 907087 265413 819538 -15122 630564 16496 -897330 437254 -403454 646766 -387279 -338748 68113 -523399 -554488 -869966 416950 234747 -292633 -213816 203207 -130120 45015 -597776 719687 718881 362505 -545283 473253
-584868 -12092 390065 200529 115983 36594 458651 447911 -440866 931265 628847 -309891 -471387 811399 -782888 152948 -670438 252745 355573 227861 -972384 -380765 609366 -623303 641878 -425346 282477 774946 494504 -381231 -769233 885058 -672975 -137287 284516 -373657 647634 670491 464290 79397 -594563 -497664 837304 -220135 -954980 -615796 -548695 -355999 139078 795969 -403380 -275269 -997245 287254 697701 -498488 -102739 494329 -395388 913222 782020 -635253 262280 -652406 213982 -158844 291814 -336654 -462579 -768190 -474422 -593613 -268085 234500 416886 -600597 819020 -304987 -652102 -468451
952284 903448 -788632 132553 437369 -526762 -567594 -648066 -466516 -877776 -460226 606079 -646416 -776187 -771773 -408781 -218842 44940 114590 -72245 -926896 731721 551679 -251387 877643 959199 -793586 14779 -434240 -769719 326481 724081 990403 892441 -760655 -655045 -485987 356413 481121 512480 -921608 182322 -384607 22604 -293808 43498 -526962 -345003 -197457 124862 -745629 -8167 -404699 597547 38903 -30502 576048 -114352 -359843 -549228 -29531 858717 -901233 222813 -576348 -219652 35995 -570668 573085 -512044 416074 923313 -431692 263964 216728 -512434 -108915 -65175 -757984 281634
447544 419230 937537 -955404 -155559 -861166 -121118 -422798 -202817 610262 509771 -344817 116448 928683 -293735 469890 60406 -826490 -143405 349720 481883 288055 87291 -552872 -831273 -55610 34064 -653664 791005 761373 869536 82079 304752 307647 -232069 948187 -58009 -281565 -882145 -184294 -929158 56418 -286141 -896430 206911 -942895 -117590 158752 -554722 -901129 474517 -843028 643370 368973 443196 446899 291203 440101 -373380 -782704 -807656 367934 -42448 -125683 162607 327216 -438146 -190424 414357 -264984 -628286 -863120 145814 -704812 418719 -556989 -32567 70877 -869703 937098
794233 98743 128447 -227889 -163223 -918785 150589 -375658 -585865 -821529 335499 -384261 -669435 -981588 -998768 -841787 -284651 76902 -733941 -765586 190466 -981051 486183 688544 960961 538079 348130 -606353 -107693 27142 -643672 -544131 311920 -637963 507046 48346 421105 -75069 -454475 -971364 -462821 -43463 -878838 101728 -717795 -213025 523491 -315088 607376 -194044 998956 -327087 252696 -971070 -826239 -670408 171740 -919933 -11032 -963638 119384 108579 -831515 -600966 401142 348839 -397691 755580 -1775 460995 -298377 560892 -135793 512618 -857584 -904557 -294035 -939624 -494009 938924
113101 -95667 675381 -462585 -237199 -898180 546999 -526731 -207568 -349841 -738300 -292570 676295 430266 -97500 -792462 -112785 -14282 400441 633250 565656 924730 -500470 58891 680092 -102771 -286484 -85958 397093 805622 -450531 -185969 863970 -576828 -759796 -976276 -224098 -357291 122621 -711639 -45505 562947 -887575 891205 682224 -921383 -196293 131961 -441782 459457 -527018 -508769 -547045 343851 425111 -365207 738260 -912707 631447 890568 -183166 718859 557066 -28854 849461 -310936 -920652 -579601 17164 839683 678813 -147183 182146 877112 188659 -567752 -93964 -883493 -327652 479434
-154888 -324153 896427 788502 643975 -485904 915288 -746668 137661 987796 443426 681559 747482 574582 -783567 129030 -787206 175263 310940 -663244 868298 723578 82328 -290848 -776960 -84021 472370 588882 -332594 -428481 -505607 606780 222274 -349759 617193 -897321 -437843 818337 318424 -699181 842514 695690 394767 880406 661656 473185 -290529 444358 -1978 554099 -226269 595387 700109 -192575 545848 522494 526061 -436799 -939470 -76316 -576720 -154000 413822 -143432 80436 -95624 -131234 967042 -640879 457949 334768 -119511 737729 749556 -376041 -276002 -597315 144671 -973486 -420775
833079 -714941 -303685 -694284 -568294 349096 186335 761673 413723 -383101 -515556 -230604 -104668 -925843 472812 782920 -321182 -834580 -818744 408482 -886902 180091 -78399 695748 -275345 800553 627652 55571 -758602 -528389 -320536 -759880 -454141 -613703 488461 -758041 -323368 986796 598860 -42860 -87606 850215 -147181 -658316 109790 675724 412638 621979 960238 612046 -334737 570410 -441443 -791050 -234730 -102163 18080 -552696 -245729 535241 645119 536328 -966696 -262412 -192318 -842039 -254604 85263 629887 272755 635915 787492 -521725 993238 846294 -912388 -600731 -567762 -469591 -676478
883108 -649107 -307674 436450 292299 -747157 200637 904830 -809232 -871630 -694972 269110 173099 -334309 -322444 -637930 987372 -961164 -762674 -627626 -420343 613295 254253 769425 -794787 -458889 462293 838836 -238659 -264179 -241798 623498 429099 -440990 149737 -356835 31100 579425 -909680 970664 226670 331370 206921 766464 -898991 725521 -735037 -909286 -565002 493288 369824 -214574 -288128 843592 -418163 726694 545570 -661947 -768315 169368 585656 265534 -577990 332099 -758101 115399 -920089 -698448 -49540 -243298 492375 -530118 19392 -804846 9135 -110649 -550532 457010 -942196 884636
-791019 -303273 515628 -30758 -121293 452569 463166 567758 -446087 -670040 -818533 554961 -439920 454559 734991 -604356 530558 549804 442227 795609 -795015 -754626 291093 -995225 667414 -408308 -566883 -12744 607330 -747652 -794585 48036 -549126 726057 -988411 22688 107344 -524754 -550089 335724 -454621 129991 833706 -842638 217556 -992838 -254379 -242898 -165175 -103506 -947370 -672260 427189 -957486 972362 430615 281652 60820 -168553 -972641 438974 909178 43289 227924 49729 -360771 574248 135157 881132 29293 -278190 -578263 36382 152594 298415 -408856 -518953 -846224 241844 -258196
660048 -698270 -126246 -301336 635313 36433 -853596 999901 609898 345179 -3652 950432 -974710 -489140 641880 218692 -62421 73534 -995876 -104574 620973 31192 99598 400093 -44934 -28293 -423930 77799 324541 -513316 496151 711208 160338 -859971 766787 787058 -892801 -558967 -39158 801633 -487180 -14322 153610 895837 180268 -640929 -977985 -661218 125931 558534 -709900 695967 -780596 643692 -779130 -764920 -169216 -374278 -346509 -362605 -983611 47803 -236311 423605 -77303 -386980 783734 292252 844543 -966274 382796 -531162 -787791 386371 160090 350202 -258157 910123 419470 689114
344908 316018 -432149 -107542 -123599 -23661 434735 797712 911386 701085 486328 -611899 -386635 336994 804657 -518756 729738 -917510 -601014 166432 -512108 384354 160936 -831757 555532 184323 520880 667520 -633482 -565783 113338 859707 779372 -285756 -299201 -777437 280111 324921 -65319 120324 -749971 611681 -995839 -540290 -439831 -683338 85986 580041 138201 -33840 279630 -401957 810772 555042 728050 778011 -817868 -684643 -284937 805373 6823 -460840 -9197 465402 973177 -494380 585800 -632362 -434395 -759023 944812 292519 -822432 -945329 191201 28822 -136521 -26395 242527 -193481
-181033 548289 580625 559072 -238585 824233 934696 -948093 471007 519677 879699 775256 -398428 -254348 -177068 -371426 -380295 480605 54629 -241030 -254509 892665 185721 297243 689271 -543578 127519 465556 767132 -888653 -389203 87270 -23742 806792 931239 -669119 862253 882179 -566559 740865 -96081 -821158 -420744 -461671 855527 -111537 763767 -205338 -909704 832013 712829 312838 -64751 -706117 -71218 83120 -101121 -421038 -998153 -857731 184373 712276 495764 -103410 226122 -848592 321174 458089 38040 -206820 -846967 459188 -101323 -956420 -82285 141586 -989095 -946821 885025 105315
117698 -130785 -997274 362129 -981911 -636404 -941875 686206 468917 472860 -58793 145092 337604 616120 792973 -875951 944061 773959 -487566 -686700 -259668 333493 -804487 707030 -133734 620679 837574 580846 -575679 682347 495561 -934814 -146515 631697 -874117 429922 576677 -71421 210924 -300617 355485 959256 86230 157792 137788 673976 -49288 103643 28349 -354679 190829 -941368 541257 769245 -891367 -635824 -375369 440533 660616 -814172 282429 -461134 -227713 14680 941508 760011 -202667 -579972 971170 -642558 71735 -497659 -512995 915789 525841 -656148 628100 923700 -191647 37615
-88223 789060 818272 817188 -663003 852648 -464788 -814117 -934229 -195605 676632 -394217 713524 418638 -559743 564098 -311154 597685 669554 30858 -145855 644496 427749 -577331 -449924 -304974 -987501 174769 -141958 -54474 -957663 461527 768429 85106 52886 -126103 -461551 257046 656191 83411 -466286 225114 670108 -53117 810486 167093 658535 984862 110234 -474553 -565122 252637 240961 237047 435522 -757767 -629392 807524 342991 -787454 670241 -906466 -195764 188554 46031 511409 -685967 836753 -390277 -251685 -678142 993452 274248 -846829 834764 -348576 -79054 -396398 316759 -186043
-53062 -852916 -666972 967933 -156548 302285 -358854 -891479 -518527 395761 -296263 -213988 -112332 202708 912800 688891 -757367 -968352 946075 -449166 437206 -517414 -723215 -208756 -232208 551195 -144889 525250 744556 802500 342306 723089 -424427 873364 -292858 -257638 407671 435589 -587937 -181599 940245 573423 701307 -964997 -843613 -651105 -279175 116276 -52283 -456984 -640977 -707461 -473150 -927903 206818 -73171 497390 870799 -584336 207040 234652 -587753 -397129 -681308 783144 -711284 335269 79318 -288368 -764618 -865583 -391973 792053 492842 -563443 -517974 -264735 -740416 -331356 618588
999376 -474946 -688897 -818740 603567 -865061 931296 473193 -244027 -997960 400156 745477 887417 335360 -800473 -845980 -907509 -624299 -970151 -978910 944516 -935532 257947 675948 -571898 -886568 465487 -660092 150443 467394 528645 -338571 -463589 856990 -838304 -727636 -890108 443269 988431 98969 878901 -582532 928794 -365940 -787819 -473121 -459728 -528114 -940612 800108 924353 910126 -703978 651017 -399653 920448 -81170 691602 480465 743342 -646792 887968 -709875 -833195 683655 242248 533574 -63908 147028 556728 -673394 771433 671800 -568210 660442 -624730 -462288 -568702 862988 60145
277058 -372245 122962 -416822 889070 187773 -976227 372793 -390244 570221 -203508 -495740 119016 -567194 -436403 -968926 -827663 -932936 561966 232738 502489 571459 -383151 -935588 808215 -857355 -219389 -68891 916179 -989021 -295624 616119 -895320 -917318 888317 -3285 954611 -135677 717949 -491060 -602043 -567598 495814 -332124 -807856 747738 374741 -479070 -524323 311267 -474229 741885 -213518 413672 -451538 738849 672781 472938 708368 973879 116514 -445890 -654968 -682122 125354 -121628 -742831 564389 -99618 -857284 -181095 -974989 199229 -278089 105204 669181 -171917 -301437 -555465 59283
-175995 359790 791542 637177 -897359 -49962 174277 -219488 127084 -775680 640754 -865865 266695 -279867 -953246 -263991 340797 -980325 -381498 -349601 -293429 -406597 644340 955486 749994 -787498 717531 416391 -595726 876728 63013 -860079 -695158 -43231 -817158 -61029 891879 -344405 170259 418627 811430 29335 -642437 -59577 -822734 -304994 881146 -351709 641860 -774151 -179986 917209 652562 923549 781270 581016 665725 807645 606264 343614 444094 644681 -329805 222842 361135 700075 -221819 772607 56209 -773128 325857 864372 -322375 -126042 940068 232618 -393141 398089 -266702 -168909
-332756 685762 840292 -440433 960233 111503 635201 881076 50827 -873951 981082 -526344 233349 633400 -600757 407600 946610 562301 590336 941978 137309 -756625 -276318 377554 -974043 -187649 -379716 301648 -219445 838899 -310633 -723937 414104 568089 350427 -546757 -503391 32250 -755017 -688339 695671 -291639 524727 283821 571321 -752086 -196852 651229 778595 239946 -435819 -730409 -603360 207014 -153797 793158 -119893 -343315 519848 758099 -363410 138061 901590 214414 710072 222159 402510 300786 401612 689686 420455 -423915 -591969 206744 880131 731392 -345809 583002 -900284 296555
545969 -456065 -445068 -244214 -807343 -625016 974437 -348389 -358817 75368 299733 911890 -544846 -960818 -25716 843915 955473 826744 -767447 -998656 -159439 467306 898095 -377135 -343366 -954035 444660 414025 -582102 557467 977470 881279 432401 -48652 -589527 519611 792124 179105 -405237 -336233 -231767 769734 15766 -847149 -639843 418544 -321577 -955389 406359 -927727 -682846 312024 437510 -230150 -113272 110405 558253 -588367 -856613 -112823 -994411 -609449 823322 -617674 -521715 -109203 -37580 201180 -118289 -929432 -134844 278826 103518 -601693 411743 -665903 36724 550467 556905 777601
215716 -37777 -733659 299450 739960 560269 923216 212072 -277576 950597 -2316 183217 566684 -789545 -346784 83231 37009 565345 821042 545096 884176 660899 -170831 809055 270105 221834 -42943 66722 463632 470473 -533965 584437 230902 525432 -248758 329123 -325067 -456350 515858 646205 -128231 -45481 89573 -908268 -609357 -979280 134490 -17300 473030 -665275 -538043 -825893 -257188 -699048 -920182 241405 941571 61548 -748251 733163 285204 33214 -354518 -294175 948559 -529000 954922 338142 138972 -837419 -847714 -372317 807878 175761 -3724 751542 899860 915886 748435 988547
-133836 680734 332208 196808 400140 56053 -679162 -996827 -309071 277552 685154 852195 9686 -806227 259988 -985684 438641 -52170 997494 635574 -466386 240582 -986112 -77856 -210890 281140 427569 390396 -237967 -8487 -697651 -747231 497782 -437952 244832 -856733 -246326 178836 266766 -340794 510926 -852616 -251851 228009 -741911 293737 401879 698610 241899 230290 -688568 931663 313546 550528 306197 645710 411895 170896 250668 139110 -228695 -529009 -29379 -40264 114274 -329846 529995 -771310 -336339 89791 431817 965142 520435 644490 -160101 264421 -156335 -575579 991877 807595
324122 -847556 141789 844638 600993 12503 953616 179182 997230 249434 15275 378151 -713937 567726 884970 -798279 455985 -987770 -252940 -773008 191718 337163 171925 617291 -484072 903946 46289 -212999 620632 435906 -669276 789830 571650 158255 -150474 -116324 -436902 -500220 -176596 830370 -228598 601136 -639573 -61989 -524255 321616 821739 64268 -694269 -56461 -271921 449041 -989069 -738629 622402 -615052 599293 505092 859144 170839 -622719 363731 900280 766569 800158 560331 654840 -305430 -703226 -131976 -443328 -240798 243606 -873200 593448 351748 394200 -373610 -130480 468562
810218 -270499 470617 600164 -979667 8908 -575179 992364 -418233 747333 -872830 -901371 535140 150036 -765578 653356 -612317 -331368 247018 394379 -93341 172132 -69654 -828408 -70735 -467197 -533136 559642 371735 -500967 -752293 747291 303129 76779 -861238 977850 340492 817055 -682082 10048 298825 -943779 -843541 794731 -665799 95881 600810 583364 -155633 -861797 -5228 -793267 867838 -22692 161364 536449 -414183 -798557 904179 -112655 572698 -131619 399737 -880762 -420378 -801387 -127463 878532 -219577 -799232 -692212 -893329 802319 -629403 994049 674126 -697019 774334 -312166 -778852
-797411 -673707 758266 -727448 816477 635952 575012 695599 -682457 343398 56238 157966 705175 -137674 410123 662820 -893937 447573 -45353 -589026 -444142 37414 33903 290419 966591 -573400 -984790 -79930 -438214 41094 -143390 907268 462736 573491 801432 848494 -611378 -701555 -734021 -163834 656787 -584908 797898 207764 982636 663838 367277 667557 973834 445085 -992697 205123 -388248 -910232 924028 -243999 -125083 -55248 279644 -478109 373995 -638650 -311 -51370 24978 245349 -51635 741447 934222 663134 -587572 -37441 865126 -157502 761 -205717 903847 -248614 680606 -236612
592850 680454 850612 -509345 -488349 1655 -680159 338815 -733117 -475203 660939 869292 -849122 -253846 -30846 -786449 622 638192 -557540 -965723 671923 -9200 -88717 -709516 751346 -964092 -544800 474035 -181919 -119281 973503 -85207 -28998 466488 412823 681195 580148 784986 603979 860125 979555 461219 -418611 411192 552491 248843 -352871 964101 -315816 -247151 407762 -686153 -472443 -75493 -111093 -868455 -101578 -457253 300288 -235652 784775 -485741 -544405 300222 -447907 -402455 -295399 803876 -615256 991897 -810376 -672176 150470 687934 -215665 -675705 -700792 685533 -79169 -985307
381832 740385 -178602 -787765 403508 -635659 -827380 153025 214257 675946 691052 36214 905513 -20462 74867 -216600 987234 -481551 296987 -294909 -566828 -265353 -765123 -86345 -281331 340174 -598509 -624635 -415506 332823 -103557 540180 -449601 467490 -655990 -854992 -100638 -985541 869358 -354303 473256 93560 48119 -820000 749514 498301 899765 -763244 -356884 -809071 -744496 525092 476568 -895596 -178560 464658 415031 624191 608392 -196345 -135095 -845799 -822730 946176 392291 492906 812425 626707 404582 386640 421674 254401 -10976 -710666 920863 -978147 -896922 709757 704686 -86682
632158 802957 -139759 -199235 858794 714871 -345702 697810 124698 574889 -574827 -780177 -734305 891696 705341 -93914 -713335 318195 -900807 813379 303073 211534 342544 8946 -712817 -686031 -882455 498557 -147879 -760518 994403 -208461 832766 -365091 370414 -289593 -880747 355112 198822 -122532 -23060 -658326 434413 824496 145217 -164835 511488 239923 -514004 413862 -301429 25365 -904834 -489133 213562 -641169 -449047 -477247 142465 727152 -857287 -986989 -903935 465244 -902726 -124275 -187348 445993 209602 841235 390170 -865698 547392 -430894 870618 48570 303612 22185 -967283 542374
-961792 108324 923729 367599 -308447 907287 335407 -285378 688249 243888 918114 486294 -456577 -576738 -921313 -666584 -793505 94719 452637 -470604 -244784 -788288 -234467 -32718 621280 559448 767230 -202014 -645090 -738887 -874328 884843 -23685 -251710 -352906 -816279 -268834 790075 -856261 -740429 995967 -723860 -962852 844672 -502357 -534 942331 -949080 -664065 274684 120196 -509188 3639 -549735 -634094 -723613 146433 -452850 260650 -161028 585248 998165 836846 48592 -498250 -452955 258405 561417 -344183 119594 -688519 -78527 136966 -527355 456278 216619 -119820 664352 -918560 548372
204949 472444 -978642 18809 -997589 -407695 -625266 566235 608692 -255688 38925 -561091 -565255 -693212 -621683 -88498 -602743 70903 693264 739409 -219098 33699 -166421 403956 650952 -745485 -656858 -644273 -542768 -609492 -617817 99257 -967299 -716494 -149574 762724 10965 -371085 -992466 -171482 -43169 -60159 552750 -509325 48233 430277 859303 460331 732873 960251 909395 -590571 -685880 -939246 -530303 639643 -654836 -656012 754459 -221457 247232 -670112 -298561 -46318 871628 418598 -582554 426627 65490 -37238 -200895 -904679 -751139 428446 -146204 664883 272575 504805 289580 -15055
-873473 -191553 -833212 -680857 -610411 727379 325807 661926 632240 -952331 712003 974702 -915434 827714 207987 824842 876930 483771 537535 52452 308442 -961113 -110051 -996747 883411 -837465 348739 -214789 315301 583565 183267 109205 -403563 -956867 -616311 512474 -7481 -888426 -683992 -450708 -757375 220830 -348377 -530096 -485214 873108 -419586 670620 -246915 -260623 257311 -433439 793374 -542283 -356555 112465 -599407 942824 421722 300766 834442 95238 564357 176648 652521 -380511 -929159 157285 183026 -794075 852619 -100009 -41914 899472 -492291 -254257 -215557 -191492 51849 603759
140355 9623 -402289 -179278 41787 723961 -950738 915320 -735174 -250397 -732732 -163853 -411549 -125953 58078 -709656 -134411 633242 -211340 -931848 719340 141974 -577187 902341 -78237 32111 -517135 711777 -313316 128005 476943 -458515 633268 -525630 408884 -334519 -376187 926807 394111 -237414 -493255 792889 -415672 644661 -647036 657203 507068 -110968 -80304 762449 -318924 -846853 -371849 149789 -534821 903358 218958 -188006 277677 -896916 -961576 379027 -944591 48007 32559 -599807 583879 -389483 -462905 -892163 -998488 87295 479950 519946 -912780 -943544 -44829 211043 -617324 287518
553229 -632524 40448 -148169 -678088 808289 588813 764290 909382 654486 -421454 506759 -157968 -745046 -252920 298197 -281020 -486935 472660 820447 671459 440325 -297868 -238718 187207 -158058 323591 303669 -550298 827667 -214503 -549444 523570 -722206 145476 608504 -669774 -452884 -31374 -464167 849835 248104 379067 442706 626046 490212 495207 37749 175805 -46398 -936694 122951 -193871 -573278 15688 367305 169695 -421156 -228980 728283 948350 128175 -415639 -858354 -243112 -126895 769433 -447381 -415748 -97545 -916904 323432 -208542 259460 210667 673032 429968 -704321 -414353 -612610
785046 -159436 947995 -275131 -426504 -301835 -160947 15236 -593278 132110 -660985 423093 266949 698827 546870 542265 -857787 -174857 -585641 -211300 -19995 755832 -9755 -960231 -955044 -172576 -958577 325013 -533684 -337415 -774088 -178 2731 -551680 243661 -901088 -416749 -736534 884239 -737571 14368 -567905 -501106 -336323 -402341 964097 173401 -153790 406970 255982 945573 -123349 -95711 800138 -958467 794397 89685 444193 231663 799573 -627653 545459 -752459 -199592 -413991 390479 464993 432825 -718275 -232609 -135477 597756 848158 -335233 -937477 -553138 179070 -221211 -310535 -773552
-291375 142689 -496729 -188644 -753081 577453 -813019 -787710 -528874 -901784 -861799 -410424 -325658 123800 464585 340783 -970996 -999355 -864562 682110 -39649 953866 -99197 -293226 -987909 594198 -424764 851115 994248 -997165 -839417 -718048 -143508 -661061 -50698 899773 -7797 -361452 187292 799424 881434 731306 415200 -295161 -606418 70526 -386467 584913 215292 -666408 -386770 433969 -973771 -504789 720831 -494902 891801 706955 -641867 831543 -559318 904755 957823 275082 985043 -687672 -892288 639536 621027 192596 -586685 394553 -334464 -508759 -709107 281380 -832262 -1242 -925910 322682
644101 811001 587215 48752 982317 73098 -804380 345748 811845 76286 -60870 877166 -934212 607281 -51994 420703 840014 -20635 746893 321328 -200974 -120368 62747 391963 -306990 -924792 -507924 688418 61357 -866205 678264 917211 596117 -481961 127152 608992 -822412 960672 -350279 -331292 806310 878349 634879 -615742 -78283 961686 -695326 671898 -619672 434082 289210 6505 -756771 -933171 -23339 -159475 355954 -574660 27021 -880756 -360884 -238712 657624 -275973 -987617 76489 -712874 -831084 -265222 355478 295854 -324971 740934 115046 -609323 -280999 977940 -401062 256918 -532934
-33688 190004 930835 25323 487059 -519457 659574 -759073 257412 -632922 735579 -762653 -664831 760809 429959 930577 -546670 -802068 -444813 925504 -484541 758092 728067 976896 546816 527962 -565268 337084 949410 998488 929546 -902915 600414 -166784 326880 -489921 259211 -565631 -558612 53841 905372 -731266 -589485 797873 -421710 -265053 -464374 812737 -590960 860417 -837988 -293618 -436907 -113907 463200 817257 -293772 794577 -17281 -245832 664622 840105 -676542 192790 -470747 -69089 168597 52895 275535 -623660 736092 -349818 747738 -665993 -237196 609300 669503 872160 578002 -32540
534623 -656040 -697125 921704 25479 900206 -271188 -414069 -475478 -707003 -854622 356047 417548 -36888 -877384 962544 511846 226551 311029 517249 -34537 -131988 -973433 362885 -425029 -359100 -96128 999867 -446203 951781 922963 313744 590124 -257328 269743 926584 596068 211907 -679999 371745 231057 -334564 698577 209808 -211890 -79382 638557 55382 210923 478823 307872 -740308 813150 -247112 -363913 -213297 -793372 -522765 149116 755501 89331 804492 905078 -718402 890192 925860 -144672 716417 -179951 -920271 727863 402749 -365851 484029 939772 -236055 -765320 -162997 -950334 -722024
883981 926658 130833 -507129 456052 140174 97195 -482776 -198533 -614317 873148 317510 -796441 -738849 9342 -834862 923895 334493 541447 142813 97915 -938585 676006 -977890 -889846 -691181 -131557 122275 -411219 641740 -760416 716101 893372 -679946 -103683 940043 787787 -626870 -865309 20393 907122 -101415 -620890 -862741 -650372 129913 401109 305678 -607617 -94317 141877 -276093 -143441 577990 631581 -122071 264383 -667307 -573246 -169999 -915256 823000 372050 414977 -245750 4798 755614 355432 -406850 -549356 -584030 693431 -825391 205509 -918113 401900 785650 785120 -330907 -81560
480174 936243 -39543 -95012 933799 453874 674330 129994 -165684 428327 -539846 -405508 774869 -990227 -102033 804817 268026 -377178 694437 256334 939362 221554 715004 586493 366332 -167477 269671 47368 -351709 -510410 -468222 -408127 574017 -371179 -463089 735646 -987164 -264072 -581242 982084 208131 409266 -556810 364386 -645785 373204 -171646 -367594 952436 -594681 462385 20907 -167468 350942 721721 -780705 -635257 38552 654482 -146918 803281 977807 175130 -464367 399265 379930 -363534 -966289 744732 126636 -723007 80028 -494856 -290647 -331470 895627 951453 156110 194823 798943
-622282 85880 -784196 -724473 -538329 -637166 496565 -773619 543027 324272 448391 -780138 506632 -290342 -289630 -877954 -106603 167002 948324 413274 -731849 910827 -796825 307600 606092 938923 -23619 955167 901652 -400402 375714 -286402 122345 621729 508738 23422 376615 751185 470681 -962943 -487275 921883 991410 -993655 -128105 -692425 -305336 -919447 -856377 -521181 12617 -919089 714938 458276 700356 414315 303495 -820433 -879555 467247 705961 298207 -160301 -29797 994316 523456 271201 220515 250225 671571 813165 74231 647953 102109 -219021 -466460 -488610 -857069 -579581 830642
503774 204880 911430 562519 -243521 -790453 640009 -868431 548663 -169108 -211856 538410 55016 -245842 879866 -729600 716965 -774970 -24731 -823188 641103 805447 640950 586949 609905 438863 -386476 -886929 254658 -463507 -418280 -470662 -999222 186932 625490 -353129 159306 -58195 403540 747194 -280571 -643408 903347 154838 -195894 -808681 926137 -747395 735943 583491 -233594 -400103 834926 -826184 984215 455602 -61842 302701 -268013 -149977 -201072 -200738 -314110 -968214 751079 -443790 86916 -19885 303263 -722313 821773 297286 733173 398234 744058 952226 411111 -1076 864794 460125
483935 -708640 -907601 -684253 122427 341063 545904 -239885 -101532 452056 -52562 -437187 -212592 494951 787598 -734941 -178589 269776 -926050 -207140 -350730 -703176 655046 942401 -821192 -809555 -355762 -288344 -240820 -180051 -302419 -253367 -385227 650470 163738 171612 -774993 994808 -671667 925196 654192 663503 -500952 -137012 198282 -146684 -265579 -655277 541899 274523 998550 -455820 -438712 -182618 603163 -816693 308819 432912 640010 -76346 -121486 66093 49754 360069 -364731 764857 -740782 171572 474789 961652 400113 504091 -16789 469084 -733064 934151 485803 195621 -870693 27433
143797 -731091 -749529 968619 175378 -253952 -599012 -218117 -769253 617515 518994 60932 881766 -238369 966658 -943527 608965 764379 -276126 -432322 437778 724471 139676 -466691 -269496 707399 211339 301989 -970379 614504 -965087 303239 -194793 439157 791907 -882203 -152096 -854617 812068 -13655 710020 839435 -233392 767179 -556251 -339498 717822 -792356 685236 939771 552950 124146 -864623 -436353 702749 943086 -762858 -107274 -487944 -613458 945362 -19833 947177 -699633 -307552 266765 728968 244739 924451 403202 455041 -460118 26178 11559 -75646 139547 192933 -470883 -270548 620171
-19104 -207049 -696634 -582919 469868 793859 812763 946472 261307 -884196 38417 900540 988690 -611871 491585 -969556 377693 702954 -450296 -886043 -637470 -889010 797810 -125145 23870 914319 -549190 -205250 92578 -178449 182842 -684357 603476 -792307 -358045 532999 -782345 584029 681203 -783547 -449909 485225 -933522 -261820 -526437 -987378 773125 850371 -873025 -775392 156767 231137 -785435 -340298 -56448 927989 -258400 -355364 -122619 -780281 147926 -897613 -193515 -908862 264945 337797 790324 405728 -381648 821406 -156615 578540 -513660 901273 -690991 527792 930043 -221057 305892 -604277
811327 435132 634563 -832833 -538672 -844849 -517737 862225 923544 881994 538197 869443 -979619 737918 -895581 78479 801472 954531 696012 331436 788345 -332133 689743 418406 189173 941472 717976 -780336 -889026 -434201 13400 -33330 -906388 836648 -505692 678227 412320 898927 158015 -590601 431870 -416868 -700946 -970069 -29968 -429315 -392719 -907806 -142094 -749455 518331 810923 221074 255196 -438959 -545451 393331 -855666 371419 -499045 217440 -527092 149844 -496025 -796522 480129 791728 560487 91790 -690999 329381 74983 373457 35157 -951571 -166564 -990555 338030 519134 -5849
-102222 -210365 673343 51815 -155670 -985991 -32176 727344 869549 365008 -489801 517304 254983 -470210 542931 193189 -490131 -239203 357724 -142598 -577594 -519582 -747471 569275 207504 -836145 -454688 -675735 -419874 -494787 -85079 -414676 -161006 -947638 -123107 376453 -165197 786372 -518478 254898 -788856 -592829 682944 -990479 -914193 810022 250116 695021 -98178 991842 -829292 902636 15228 66704 741304 892792 -409471 -730810 -684475 -522493 -301775 975248 -693186 -51908 -207411 -875883 859619 -419663 -2229 775363 809053 -697916 -421699 822173 -293720 487643 98967 -574927 -108246 77426
810659 691479 -292133 853553 -678896 385247 817283 -804401 -537538 -265874 687074 -458444 -944210 -955309 -897950 809749 -545258 -878274 235376 -848574 860829 382892 873860 -552755 638904 58408 83174 153863 9446 151032 -295050 470603 145755 -706854 193665 731375 -978857 258600 985385 -581883 359115 -331878 524817 -181598 -636895 713452 -288436 -378486 641925 676231 648249 -710079 -453967 -151504 -625758 377167 -786729 -418468 718305 -641200 -977307 -475182 785787 -503961 -746561 819342 -164748 -992171 -895496 51718 -330830 635441 39668 934262 -960563 -115653 470190 -817108 335986 -74777
-131358 567426 -180859 -491749 294122 -533014 -876477 324825 787267 -840582 -713606 913862 -77142 872006 -878765 436348 474542 -187101 36639 733798 -491584 -684243 542620 595130 563055 346545 874953 797655 -841854 649722 -787631 312830 687043 258611 -34459 745399 -824540 -982512 -98216 -119238 121981 780360 -487312 36058 8107 -700557 473604 -101762 -965104 -74339 -390058 7855 584492 261775 256910 446972 175860 -681165 -718636 331116 -6078 -993341 -229303 232260 455226 -157891 704337 -593681 -676048 285490 537665 -88536 -852391 -294750 -924863 -188376 422331 766336 -294136 -622408
-408518 46543 -787292 798182 994583 702385 701305 -660679 -101193 155459 -585251 112005 -984112 154177 705265 655514 -983286 467433 -745221 -219865 -648045 979858 202035 -612745 241929 -85072 58064 -697942 -933336 445713 381578 240661 965243 -102629 -576106 -558535 144980 597239 -191576 297995 -187774 629061 377207 -927105 -616128 -493187 809948 729080 622166 117622 -217849 -702663 52983 -729454 -76494 8299 952535 99305 722227 -41692 -171437 -711084 -824070 -657928 -18351 -740609 452850 950709 -909417 197086 -335847 814365 -261572 -279777 795377 192858 -417459 123886 359630 -377588
423967 397336 -567915 -86940 -131046 545432 70395 603388 7783 -543342 332113 -509090 -791891 -793751 -59669 179616 -941269 -213174 373177 748500 40841 202122 -257394 947765 824626 505404 110479 810553 -486514 934600 -332475 -798394 -407369 -956995 -691956 966852 112665 -119458 -582602 -858469 275370 -42387 624728 -76469 241082 -139383 334008 683170 88692 699654 -579348 676637 500671 488667 -573969 996546 -43300 -868150 352108 -203850 921385 596608 528101 726978 -495371 -455205 -680382 -563309 66410 -108309 -949885 -492694 -971030 -398719 -400537 847164 -575055 -48660 -113849 -843677
292371 356827 224982 -984727 618014 -798689 314957 717970 315545 718242 -188492 153144 51076 562133 -87051 448242 -449455 972560 -132164 -448394 -970026 695901 -694985 -456726 -55325 -438481 319777 843031 -582071 -308022 -894657 -94308 -446785 185879 296313 -242075 345071 -253505 692594 -930910 -241592 187823 246857 -933334 -560790 958350 -263934 -669388 197595 -38013 391682 -438352 -257748 732343 -492183 497967 -766800 -279745 -693298 -82934 547109 -561621 817815 326097 952942 603186 -323130 698787 590482 -530082 927712 -118857 -710381 -172611 880419 513469 447999 -237961 685500 -364226
321255 -237829 561751 -314171 827011 939176 -386531 -154791 290803 -602214 -519534 427902 109109 -422930 698095 701846 -439000 -902524 -761562 -607392 425488 673713 -489613 470962 -89647 715214 -497517 -999216 -707944 -949103 752006 -829969 206820 152536 200417 596862 -218437 614796 472206 -394215 651099 399807 -387274 624234 911688 -462312 95156 544326 -446092 -997238 82947 686697 -709153 292231 574307 334458 -681706 231019 779286 -12057 916312 411695 666065 531856 25033 503819 688972 580661 -131779 -974218 676535 -768387 -985314 -477067 709781 519848 -433167 259484 819017 -255256
-173849 -604940 422084 -884216 -536541 -80357 270695 772879 49145 -357755 553217 66841 720014 -518120 -88231 146562 742467 -687548 765439 700438 317934 677392 141115 -874630 -6896 -290868 -789855 -121976 331562 -932462 -879484 186900 727614 -640751 -68965 190274 -235924 467610 731788 230111 476590 -673480 868913 -619500 -758057 567337 -307998 803657 150878 232162 86315 -966136 -555738 -122127 -126275 -375480 604279 351202 444600 559132 630548 986365 -957803 186232 878413 20062 -257057 636543 -5528 -119832 -398993 -324939 840344 -723666 334157 -131225 824872 -243231 553812 -210171
76357 -274246 -280431 -994124 613615 -984634 -678926 -141332 -607602 -440191 955946 -843331 942630 517108 939908 561070 -612560 -809922 -740348 475206 720510 -438172 -224850 201070 -662908 -791446 -188072 214462 -563297 16456 169834 422159 -887405 517075 -587296 807649 -711727 413444 255349 996150 -653111 -25889 -792630 217695 -281009 -428564 627782 -270431 593869 573723 -224900 -622139 -716230 538604 617449 -785154 -303109 910236 -9260 -951713 -409837 460752 -267220 776535 -226890 998814 -139797 615784 -380889 -746237 595303 -418657 532153 -684261 317913 -571709 -677868 283215 328075 -195648
260267 474130 -329545 -585770 -611831 439563 501248 -395320 320236 -895854 708264 -506049 -227169 6184 712773 -44892 824532 798938 -679596 -807169 682147 -835056 204419 444882 118188 -940691 -928910 -64391 -982536 613376 353238 -957232 -866591 161985 465924 -73981 299656 64176 66490 420466 703143 -59163 716647 -969957 134629 327741 -456596 -517850 -720430 706401 313609 669303 -664560 418100 -65170 -713814 962631 336030 -239461 -276581 -526720 953564 158811 161585 -893462 -917376 -264290 191847 -534942 519715 988047 -686327 -761992 -863750 798603 811811 270204 484605 725269 438054
-220413 -666215 921606 -783801 952835 677042 813458 -370755 936517 -116466 359120 434975 -925441 -682547 -696185 -52173 -410735 107062 -649932 170019 -806220 -336727 -348959 278205 -418133 238298 -46673 736897 -419600 -331598 -312264 -290582 847052 727416 83022 129439 -534992 129963 -290434 913152 -624713 304174 111020 -749772 267797 -893818 -260213 275549 163860 585034 -323790 501581 881318 -680114 410408 -486967 957511 145677 -894092 -949864 296926 -926515 -145744 -363737 462046 402869 -720865 -381905 218765 60014 -68610 671064 880016 721976 -105838 -641646 -605376 166389 -382552 424740
-509802 948554 341886 -750189 -21180 66750 -743909 -107575 883544 -788689 668792 662399 -401359 -891626 326839 490969 -805368 288222 -965560 60866 -787596 547517 349410 -700904 -374571 -350691 -566929 996938 777187 510371 -575201 370277 446776 -119771 235755 572851 153709 336670 487146 103206 -473520 -218003 -328974 -908244 -589661 621096 -736270 617098 -665998 861179 -89873 -966272 372625 938672 669536 236634 637352 -72425 -833122 153466 869452 -177225 539042 661773 774849 568388 458049 650110 -583325 877515 440915 621841 331566 -627243 496985 820507 -177609 -879003 233638 407653
220280 -444706 -460921 996310 -564510 -647389 250855 -504220 -792284 -615054 -880223 479221 238485 -673100 -984158 598566 446894 518058 765244 -63237 -945738 -448212 -73513 -622116 3673 629613 -676599 -374343 -543497 -605823 905257 -957666 -887191 602123 -760313 -511967 854008 -995053 737975 -130071 48490 -759151 365678 -604526 324175 351983 -958385 288730 36177 717800 -687003 -829298 434347 -297875 471919 -108469 991358 -913049 511283 614929 346778 -408089 29278 -169157 -616248 -756340 17876 700341 274315 -391165 117789 -137038 349965 788193 395313 -830074 -257783 744446 963879 -348862
-975056 -20453 -370730 -440262 -468193 783209 -692860 437286 -996950 518817 981370 966259 -621235 521755 -56845 -597437 669433 557821 -920184 840243 -757165 -795256 -985537 -465565 -348566 -384660 -148124 512639 -50827 -743376 4268 324393 -90561 320903 889032 -708230 327201 -769110 -387666 -85241 -421798 128427 220069 186184 842715 751050 -784562 999028 111911 -816187 -136278 621712 628646 -434889 -1713 316317 -529616 619913 -500952 -577181 -513026 765762 250487 947637 61978 -931474 888363 -601220 -434700 -607615 -997661 728874 709259 776282 845168 -620555 539899 -654680 264392 -611901
-450665 688993 -708809 137670 98126 246572 144660 -277635 60501 -83815 297572 375190 -722818 696234 730792 -83908 -303117 681171 -212130 -442295 -574621 -432985 -604683 886510 -587744 -820858 423597 -347432 -695679 -862046 511867 -897782 -522875 -432739 680514 406547 -831277 242580 -140930 -43650 -969362 286713 -384083 363345 -875267 -681204 -936213 718726 -72387 -916848 -389631 819618 169101 -812254 738510 -50131 -250439 362917 904964 -761597 60960 -276633 -848070 -724122 -922995 132366 312006 446912 28438 -198319 -682618 716309 -47377 253741 692033 -164047 555603 585403 -877705 -570213
604491 -715431 913355 -272397 -871721 730823 821603 -174491 499074 613810 533713 -198716 -471680 -414750 -133386 885411 -405817 698880 199218 -120988 148312 218397 514789 786109 152610 789824 -274586 856600 -405829 314571 -186206 691290 -850286 -263220 600374 -841236 967440 687142 200081 -977150 972283 533275 796373 761069 512038 115545 -558812 652656 -837570 376841 68824 -255385 -208382 517964 -134084 637969 -991153 860166 -130393 538885 961320 689519 423685 -557115 -304441 723963 761408 208935 132487 -171606 391534 159027 801884 -771268 679494 -550219 47002 -687263 -23736 -855464
-619342 815102 434473 -259690 832087 -409840 772362 -520499 -486568 -973443 863445 -219314 -130305 -294294 -185675 -716577 -467604 -41393 -721959 314890 -543573 -586768 451455 514919 -913061 532167 682897 -165038 642493 -1225 694730 195288 958387 -593441 -489248 888949 395620 -101099 -557356 604544 -677653 164207 -558858 920333 822946 -541025 -980259 205687 -169743 -169910 866187 -77420 712677 203889 -70469 514292 173172 -33713 -181313 732303 -991959 -763927 -584608 229301 561984 211913 527717 210195 208987 701356 680866 -389134 -927131 -220566 -331455 708826 700044 -727502 614024 -788612
531134 19557 337729 583266 808644 845693 672800 376827 126120 -814749 504 -903947 469203 -715558 241413 437299 -117706 -899280 952532 626613 226645 -409943 -440817 -773993 492400 147505 130655 408969 -956870 565989 -413181 -643488 280024 287985 -570095 -410878 63707 -505147 47350 743303 -687698 -73191 -576085 450022 553502 -353729 807923 856161 379070 -989728 966443 -574924 -202120 -510495 -167881 -563279 938466 -697291 443468 -744455 705966 487339 125382 -857085 499965 282711 -733222 702931 -369933 320638 -157564 520522 745550 -779875 372494 668703 -314078 707662 758735 -185672
278141 -906190 -660459 208406 -440418 311323 -588024 -557786 -380674 -400004 -209326 -92287 604086 -755034 -452902 51861 556688 46172 -228947 -22804 603021 -111160 391856 -701235 -681819 379408 818783 -77628 -705967 -309357 274715 615217 701328 872746 -272811 321025 971614 -395261 -271287 64662 -348836 974684 466831 -231940 97453 543637 525721 -283671 -482206 591513 833433 -141286 -778735 -553344 20085 774358 -933380 -70968 -567672 -812952 574881 -553278 997576 777653 809897 -54717 -871618 238742 805128 818052 176434 809287 -558783 -640811 -264598 161450 984374 264636 352005 -695059
327557 751727 146452 329965 929840 700020 944733 -710593 289444 -847700 784999 -801753 615993 19080 -120463 -2472 345494 -979 194547 -463603 190968 123578 -210903 -338102 901745 325310 -180484 510405 132030 806224 434199 -767842 -769837 809169 599952 -49228 -30144 -934011 -285953 -476460 207665 -288664 725640 328897 -51148 959929 -493334 -283844 85538 -175682 854511 803999 166784 -225906 69659 -293464 -648187 980094 -443841 -356626 -827034 804496 -838955 -685537 721907 678040 789233 200551 353063 -885382 77530 -953710 -113618 -646646 -935621 -108540 -272541 324897 35719 974673
235662 629452 122304 -855260 245641 -393282 915390 -738480 -943532 844455 -212709 976226 -247975 -209472 -889995 -653904 74670 -808985 731800 21218 -43779 816868 -105076 300496 971810 -91328 276386 737555 -199253 -403250 -1679 -518570 -58966 547634 646190 -960501 668864 6735 -188999 -310152 677426 -576948 102387 32528 719205 535313 -90730 239322 831712 578148 -112841 -495943 -367875 514105 992446 -106548 787579 -218892 992217 187811 752814 814170 812905 -700317 728154 -320510 -307086 275563 -725126 138546 -44779 303988 580916 107332 -279102 -682957 602370 904836 428198 -859912
619503 -466892 684175 -685043 297523 -345793 537371 -196673 -999609 977269 304825 606869 -473897 -286599 -871141 -166320 856892 -168119 676502 502389 -890937 781296 -394356 169978 376026 -10149 -81112 678336 833148 -540281 830494 -887280 89571 151747 679522 -970912 700260 986348 -271321 912670 278007 233552 -491548 -555110 -630068 269795 -310813 -43967 201071 -39702 -604359 -836636 -848574 437797 483923 96410 913184 762531 889072 322950 906688 -826443 -195884 472444 825661 -540011 -644154 540349 -255785 -624919 -964706 877441 934605 -124363 560748 406587 -281004 890427 -757059 827652
-633276 928415 -295841 99373 -226487 208201 538374 -74649 50665 829947 -500716 -966197 91763 -500805 -682094 168612 -895153 -951655 -858893 -155365 -70587 701548 -579151 -474214 396383 675701 -344352 -437362 692622 -208355 -329795 953211 -566940 -326640 145718 918936 -844710 858263 726196 893284 -685292 184190 -667581 577050 299831 -588496 448227 -543843 -228416 -97425 415747 660833 -188819 191406 -781376 -109807 -332262 -270485 -457379 787377 355967 164225 590924 -769911 -110339 -450922 -164073 -835610 -204988 -895125 524208 512666 555299 -487669 -760302 56397 745872 -167082 -216302 882554
919317 -607402 -615062 -310167 210013 -771376 79289 -491785 -873366 -410378 -793593 -689855 -789585 -724866 649772 296113 932028 -793677 -125496 -96474 193413 746319 97535 -921432 -554788 915166 -169722 964091 636574 89515 549805 780214 758684 -945910 617397 -697653 -300191 -923069 744444 -893828 -177607 802365 -495876 -849384 601330 264576 604897 -944054 707896 -642911 426563 616863 459733 129473 690112 -293080 509757 -617844 -168967 -274486 383090 -605651 972058 -898935 -644228 355632 -683836 -86909 929309 -916030 -309113 -299704 916020 209797 908657 -154512 -312748 482233 202138 799352
-273918 509756 -895847 -412358 897080 -862319 930343 -71910 -216791 -497343 749592 -82697 -682823 143647 -103077 975690 696163 568976 -578240 -944652 337564 603059 -142873 366308 944746 94590 947113 -903700 831002 -96564 611681 -715941 46635 326422 -84951 -71792 144610 -648219 -368005 -694688 225031 -140961 -30186 80117 145187 912050 856351 -710705 -505459 965517 425548 -178653 808499 308467 660928 117739 750518 -737923 -667175 -102069 174182 807189 -225892 -962219 887076 -137446 -598459 -844652 382618 -606555 176058 -636547 820980 -854198 -312731 323002 585136 -255796 -462231 -153801
37188 266172 4181 -894533 868492 234722 871211 -490342 -587262 166931 368933 790077 -620526 282628 -311660 -594436 -732774 255894 350275 -734122 -650182 121568 433839 615510 14869 649426 -888982 -463692 -976759 257236 -676202 427561 -674505 328193 242903 998492 276108 -745370 -610569 944934 71153 -680932 304098 357931 -32232 -730854 531622 -552805 595384 -970383 -989110 -234905 -643522 -923737 809554 -931768 842544 452821 55507 -898708 -581824 -909149 722223 707378 -460927 918915 -69322 -911225 953126 378125 915884 577175 552255 549621 16943 -622560 649338 -216897 514726 454029
197085 320575 827275 -477883 644116 187001 785838 592355 -675936 -413709 -759425 -819435 703521 -685207 43748 -190052 -658570 4188 -186440 -9925 -354791 -609290 -33504 -719136 -368990 351947 218186 -619533 565231 357416 -64404 -738544 522925 288749 48162 701940 70323 118563 -869206 478566 -896888 -465729 600393 -959080 299368 34986 -822823 306612 -703717 329838 -496075 631758 344212 908023 -290338 426535 -180367 -838521 -105881 -588786 580628 501671 -970198 538311 175390 899758 946029 -657497 342848 841696 357516 -162930 -38941 -103768 -37295 629291 66992 107717 -271231 -941550
432017 -600153 291913 -796136 222121 -961258 708396 350967 -925474 -423244 -3739 34499 46777 -669394 405927 -577128 -501745 960586 31379 -426605 -800614 795876 -585585 -321347 -554334 -935198 784000 50962 554371 819230 832945 645150 40392 196553 -300846 -759972 707228 -785858 550319 -895872 496148 109773 -55784 -517725 -525108 84060 -787155 803464 -42742 -897637 538982 169168 68695 694319 -577405 89363 414052 -696928 -618948 -5881 168150 -843008 -964215 503619 -91729 -752863 511757 765903 -751864 10734 -990766 -143868 -589691 752062 195494 -244404 463528 -872659 194531 -577106
452698 -631162 -926420 946496 32698 243507 971128 466993 656438 819554 -820415 215621 -328258 920800 -834567 159977 -843704 -354521 -687314 -903703 -985680 -342789 -850506 76731 85177 980035 -216137 -887599 -197116 409529 -928803 758417 -984140 828176 -309080 199474 -241306 -558791 -420075 249930 -894448 -942074 -312823 -11230 274399 -80258 482744 -830905 238784 -142550 -408241 -38103 721807 -605652 -548887 -239022 897631 390798 394207 270188 -167448 336625 374556 -912240 -482727 -492858 938286 -619939 415157 581064 -383607 485165 -754597 -229449 -17099 -439792 550441 -439880 -500663 -143436
210241 736178 -363976 367586 -743599 365921 -72441 625182 754782 -845464 540140 -55816 893249 433262 706481 -209717 60953 834078 -118535 15609 427241 29195 -950130 215042 774073 -982136 44165 228341 34894 592675 -435298 -940311 166120 -87084 -36804 866855 -214443 -872951 -569831 -271846 -365764 807722 915391 957250 439996 -493679 -528160 -162992 316355 707246 488373 189732 -52741 72513 -465338 413859 193352 -835589 -334991 648201 -358992 -86273 -243484 -412031 651828 -99862 53781 -505921 966927 523879 -798962 -223289 623519 -51584 948809 22342 498606 -525129 262795 -64588
371774 -445737 45664 483562 614911 60247 -938777 112097 -9169 281582 -112970 -591089 568612 733295 -877691 295847 -829215 488508 -457061 -264309 244767 755683 -734491 -350053 -94331 -309915 7785 587258 -209001 366896 592391 885223 299459 -122984 -416517 451245 630776 986588 566478 775363 -706648 424660 186040 226445 955261 -583059 -936777 -433391 -373045 -792930 -398593 -990534 -135672 -174268 519393 529623 282093 -154512 -523647 -628978 708706 -363086 292783 -50254 -39418 -220197 -543489 890415 978150 607920 351047 30883 -972920 -81248 809497 -726859 -991246 -175389 316004 -227183
45516 129969 -276360 -809776 719577 697195 386270 -768039 -511651 912630 849168 653553 -685425 416386 354544 -214588 404745 -454427 843824 930727 -701088 639659 344009 -362152 100128 551664 201361 782466 -961595 377481 746708 875125 -992475 812165 63205 666162 -849541 -443203 268059 796876 -697941 -642073 471307 -762335 65882 -850705 -872706 937837 757380 607412 -425303 438828 324026 -919611 572318 554660 712641 936682 -23178 -767700 994533 236824 -49861 -804667 843135 -359327 445079 -414451 -31164 257319 672765 -875633 -476553 836315 -32954 149062 -363547 662386 -817261 803660
943841 608055 670388 -334374 -496746 363001 284768 226882 4348 -355812 -774447 -505743 197740 997514 -283005 184412 -241737 -31697 512256 -49026 778504 -13214 -602337 -306548 711358 -671733 -952418 637486 959659 -51540 365263 938845 -920359 -421363 -818113 564758 -663756 298957 744991 -158597 345349 109551 -870592 361848 725562 126387 -106612 -787585 -953773 235205 595416 375551 -185118 307550 -434971 -976558 -348006 543931 77387 -985534 -352602 618180 694075 466643 23792 884093 364766 457033 825662 82709 -342492 -492122 830009 211601 -180371 480849 610438 -483375 806355 331974
248410 528315 -301118 209420 249557 479104 -519417 -167416 -880761 -735372 -559866 590864 -716886 281269 457214 -383909 -237075 687717 -480304 979723 -996323 -152263 -984805 -217817 56544 557663 -691927 -302113 532197 859431 460317 -695521 323063 222115 -592273 543564 214291 -540321 501314 -439423 -39532 596864 -713454 -123630 360317 -986100 -354793 369103 694607 239331 347334 -92175 -558263 -7709 456217 -67771 351749 506830 -923378 -517634 101189 778664 -919057 908453 561123 -766538 -608914 710277 466677 721672 -649863 967130 -972808 420769 -718237 -383558 -408832 -928177 833207 668923
-814293 -34187 -13421 3979 -440601 -328090 961468 24031 -58621 -404788 -294339 749712 -976133 530298 -121437 -498456 -927018 768872 557011 503700 841320 -931884 -470872 -350516 -118810 631790 -415252 -686192 -983782 -148139 654941 787977 -691519 332654 23715 -146517 569090 112090 -164211 -470367 241409 56304 938030 1195 303709 -334890 -415938 -209356 711956 564640 -135512 -703519 308492 769444 -285671 -766856 -115171 477809 -461539 -720310 -86042 -835823 -293715 -629667 292065 820483 85302 581822 623151 -390957 812746 -197487 370096 12784 -694168 708538 -644338 -986749 -344930 -293645
968235 -13422 -165136 -198652 -82845 415677 -785488 373015 604936 -794698 -151345 -846859 548651 514403 -891670 917694 -910253 -974904 654741 -56991 -152096 -599710 222204 228449 318056 -104849 766478 -77289 -324980 405614 60593 -606663 -660395 -284691 -292451 -406660 -215311 -428153 -510908 190706 52053 326181 948683 -382776 -92000 -946948 -180060 786921 180454 884999 -242183 -682539 -936744 312623 -227563 -702505 -401034 415263 857156 97696 -85811 798548 426798 -520410 618730 -381240 795213 -490730 -914227 368148 -498198 661780 -934116 659686 908244 -388628 -852784 830500 23483 508147
-874658 -978157 -335690 -845010 -630567 792064 52719 -658435 104271 -315210 -41423 231996 -28420 -746424 341340 743703 -270109 520829 -383875 208369 566597 -659921 -80945 -41766 700588 505124 -717221 -540827 76038 -422823 280316 916632 143088 322256 496167 -661189 557960 -641030 -467363 -8025 456723 729616 -834845 -432284 -648945 351006 -181382 782436 916295 -425191 -500145 338727 -674126 -321379 -524533 870580 -280729 -309081 194756 839969 187392 720151 232324 972824 -831782 309846 649453 -138102 -599639 449679 -652751 979155 -773498 -217017 80401 682339 333295 15839 646967 -500997
-220162 -284582 -671006 334895 725039 -488496 -565785 295155 428348 296761 661709 292770 287805 -828582 272841 -233685 -50555 214305 -332121 786997 999087 -133430 273520 34193 234106 -845238 -869414 -504810 -655200 -17562 589901 957318 824234 -787815 -221122 -587082 586567 220613 757398 -448555 225012 -460265 263120 -737324 -940655 87533 847599 310881 -742240 -156719 -281020 422506 209442 -765824 -352018 -156303 187150 -646639 -425739 -927915 161036 552623 685470 582648 -271593 -67523 419900 313691 515571 766812 466951 -403521 -615764 -568989 -17261 816339 998470 -839412 -742824 -946285
720391 507656 731289 260845 392605 259718 -515923 323394 -381675 -907827 -93162 319930 -186575 -531802 591162 -383204 311422 949611 457473 -728418 -514922 905583 -784322 544842 -95194 -420200 -686820 566035 -432168 -826724 89308 78813 -123392 497551 902782 313970 -815030 797438 816053 -385444 567970 126319 871018 -535784 1478 443866 -304119 145767 -264471 -411271 956066 840306 415350 -321901 420641 766543 -984894 779037 -648857 -760781 180293 -234114 724091 -863328 915922 538215 220943 390689 -260667 -273720 627636 -838963 780813 -808588 -164566 -653409 -310273 303187 71813 -68138
692132 560203 -176283 -902556 -346012 -661941 569821 -174084 393750 -819270 -155105 962486 491704 -912027 -922195 723735 -349900 723329 220857 -337724 -121521 865312 728057 -340474 719717 -4589 672318 767926 673187 914838 114514 -349108 -730137 513607 -948381 616143 -672802 -989035 541876 178766 -676092 -803585 -966970 416856 -822431 419678 -867782 -489015 -26014 -670767 638460 -625501 891851 400636 -827876 54940 667318 154436 255635 -156873 -595408 -764721 -222664 383772 849083 685547 -233702 -259132 770275 769846 -731899 749449 -720621 406181 -1865 499472 802582 104441 -557568 310768
553172 -122745 181276 469354 -127974 582192 655200 388797 -273112 199232 230319 773231 65921 -653971 490138 256146 -594206 -235021 426850 780146 383338 -247408 -818597 906199 974284 -554537 417614 -278898 331575 -531298 285409 -170321 883294 470440 446277 -796081 348585 -480637 -433761 -3230 -295632 56693 -22355 -72874 -636809 -636893 818512 743022 -292913 -324590 -943071 756245 402429 -886174 895118 90998 -764136 -579140 281959 64216 -409329 160376 81114 353787 29791 -669245 -585455 -591535 788720 -518492 -383136 -330004 905394 699178 -439985 843716 841795 -276317 -368563 55021
-772098 -242290 -348684 -546653 348909 323407 -398196 -209051 -864731 720724 -74931 -119236 857878 839358 440200 -294265 341154 -524700 726993 757602 671765 296119 -692889 336589 -394471 -545174 -765270 983766 307043 392201 -648090 -553971 -370455 766412 -468667 364444 326748 587517 -149951 -417556 -924941 798247 -62831 219511 628985 661503 74076 732028 541329 -99825 885137 54841 305186 -269142 -353608 -841882 944183 -112864 -535901 -887062 -987889 -858957 988122 -237503 507888 557233 280861 985670 275006 438103 -837477 -566266 628656 490855 -433970 -100648 -836511 190495 585859 871967
-70622 -212312 -505473 -309594 96313 -605437 -111866 -225516 100424 -347544 -737151 -821770 295450 -831660 216438 564846 49453 49913 869035 927355 -968339 -734439 163266 759508 -568611 590206 697533 -898595 279795 121296 637359 -335304 319269 -507797 487400 553563 -488549 300263 675986 300605 702232 -13592 -574390 731164 745303 -216688 814524 298445 236002 -705421 -354401 -510779 -899016 357146 -560825 422233 -26802 667516 788797 110033 995748 644791 -222854 -497991 78769 -547362 -985533 -610789 459153 81641 -994680 866464 163294 -361121 -687301 -479129 -531907 -429248 -94974 -578636
-107631 701132 604078 66918 397367 -183763 730036 -266967 800881 408346 368184 -372623 684321 603480 -218207 830023 -156750 126732 -531191 -927311 577822 375202 -589770 51736 -111936 520247 -89862 -128922 -577773 -567198 105380 411782 -856348 -775478 -768687 -687528 269140 218298 439446 959666 163992 720814 -343648 20539 818477 -547795 898076 388949 -970905 349900 400130 460478 413749 -624851 290596 -686642 247393 463946 -984633 -76440 780954 589499 146588 770000 -974874 -511672 223168 -772506 -265851 -95753 806437 326805 -378927 310891 598942 438559 548984 675537 849688 202591
867731 -520044 606701 -745867 -466853 397866 -652970 -868703 209624 -60247 -265800 -761202 967378 -79627 443233 909030 113799 -622058 -988368 -615108 -712367 -826598 -105303 -594063 -590449 -279889 -215210 4611 340239 -40305 40145 -314838 798793 -909215 970159 170272 435560 451251 -524580 -18965 -448683 -890723 -227178 -166910 -283645 -300113 936112 348842 -365946 381413 -567457 465954 209334 358119 739035 348622 -205817 -410154 -366517 180452 -906550 -834928 544621 -106321 473037 -830298 51836 -868640 -868618 -633757 275040 563646 -5931 -66806 -926902 937372 920547 6514 -703308 -647878
-438586 563146 209082 -358285 464421 697267 -983496 184741 -678991 -288409 -771230 -159116 271118 -537219 691681 -161789 608426 80252 -514083 -610702 946888 -364613 -131197 915876 708014 958769 -202858 -417017 -474503 -199290 275448 -645231 -351425 889050 -132444 -439359 -540277 -974937 -904662 -379044 -289875 465508 256348 -582724 -119045 -513217 -778606 451093 892901 795873 197403 558286 -977187 383290 245455 639421 -162282 639166 -825452 -927814 198354 -582531 25594 570258 -861639 288993 -57729 -581858 661678 58299 374086 93865 636149 -563348 -846571 603272 -136034 -663166 616455 71094
395224 395063 -348065 760950 916275 87086 325271 -768977 802794 976075 224467 -267117 -565695 -548441 -242082 186533 -786794 173483 -822815 517434 401820 -289031 -156699 -3634 -8772 834974 -50605 210773 113970 -579303 480119 669366 453041 -90318 -384377 -827284 450791 -373884 63156 -688723 787709 -349659 -532019 368743 563824 -750252 692978 -628510 -166714 133431 -519288 -642206 540910 -986050 -493611 -44787 94547 -174447 651886 -424250 -801177 -827877 -687464 691178 -792474 -293403 434247 303805 -995822 820046 -924361 3533 -340275 188726 -84763 -865605 179931 144081 394623 -516235
469085 326930 -433705 -327445 -976126 821245 -54606 975724 -146610 551108 -474704 -702433 290408 895366 674012 -490137 -86743 908450 848648 154071 -551930 -534157 84314 958316 116418 -685674 770722 -423318 917411 -41060 -868213 766460 362746 828972 333615 701873 443345 -109366 -640708 162146 578280 -347694 -639284 556615 -308175 957807 -44434 -493425 -229166 11272 10998 695212 -16621 975382 4342 149290 -344158 -533627 715093 17553 972045 -384107 147175 973253 -208133 597370 -120709 683098 -86100 188307 -395669 -804065 -434665 23576 -67763 -997544 654875 -283690 -464321 -312225
-505731 -564946 687224 -895692 -622946 712237 4053 634242 248104 810083 865560 550390 -38708 -363189 -252132 520398 -770973 -991231 -721854 -471090 99468 502137 -491346 494645 905394 -305831 442536 627710 -558095 315444 849287 567962 4488 -142049 -536729 10214 679705 -233306 794165 159124 840799 -310776 -708907 771007 851079 -817164 -889559 -36443 -806605 -876178 683107 489917 881867 430465 -924919 287900 -986361 421017 408831 -494824 -273297 -540519 -560213 -724361 642181 482559 147570 466054 535728 312962 287559 816919 -681782 -533693 -360179 -794774 214271 679968 955338 -592704
-647489 -34606 -970714 -708243 -956259 -951172 -241503 177125 431196 915314 696329 988461 -578025 -874483 -834856 672755 -584328 -918443 219579 65885 -61706 -717302 196765 445468 185024 -19730 -880847 322981 -620765 -105318 186649 -591452 -87110 419541 -527514 915836 333661 81262 -755878 -365386 349860 -288203 453822 -686028 938573 -242381 792759 -678629 796475 -601001 -791925 160317 -161404 775682 51449 -672050 696890 -240892 348347 865629 -211394 413448 689764 -495635 805836 916442 456160 121640 880576 669664 -921383 846873 231343 475232 97315 281617 116730 -824874 595781 -351237
425887 -230062 -771779 401721 423155 -11245 -286882 -30425 118846 312473 255703 -491102 -423791 8616 -192772 -749444 652774 164390 -648085 918532 -4699 -471394 -930670 423274 -303324 -323462 637477 -163954 -420081 37807 -879056 -802251 -4701 882550 -836898 279426 -942706 657604 -891980 -768305 301956 734635 -169194 -228026 534959 975348 -886583 -250035 -995026 345582 -291348 427074 -936478 382145 210041 260308 -40501 878365 579542 -200940 -16990 -634792 919073 -188309 890083 -861766 -568688 -964769 30441 -43800 550932 -786955 -870264 -46046 573278 100657 106128 49636 673577 29564
-585314 -259674 721297 375714 479462 210857 -70088 36063 -334935 -270565 42274 664431 909996 -87877 -870966 -283341 609702 -795193 -902280 -269400 675809 -849274 12520 -130390 223020 84460 -205570 65771 -485149 632919 -588054 688189 41931 393775 760733 -968052 -77417 -22115 320812 620479 60386 253494 -125221 380557 -74283 -989946 245429 25153 -757076 943253 126482 46682 -251065 730047 -455656 -609442 517612 120034 274576 101712 936066 -267070 962314 849824 331694 420684 615767 -497556 798792 -807093 -512515 74095 -331585 676955 396563 -492175 -331318 -12520 105910 133077
-494027 -8103 -367327 260763 -90280 -822937 229941 -321124 -422716 733206 107991 -408807 -611970 686037 122592 -493364 -890090 -181592 899260 703756 -820622 336975 168816 665230 -378900 -919626 917227 340958 -578404 -815949 -687164 208886 -647263 -306833 -978220 -197131 -813605 586499 -327049 -292809 -489543 -851106 -382783 232307 614705 783647 503582 -645631 811628 -235850 443675 777243 136966 500976 -394801 435336 -145026 175784 898992 936449 857180 -282535 -148422 -325913 -603985 909254 -914942 -724424 76056 -244899 230198 -691775 -877289 -499332 -758759 821499 -959468 61238 989356 387805
511527 121181 -611100 415465 185153 279903 -984119 -488991 548163 -960604 -700073 600611 -760051 596496 -213290 979482 32019 720122 594782 502731 -602465 503353 914698 -568735 -683486 -647648 -528152 -72821 422948 159080 258489 -320506 13993 806818 -965912 -154682 192435 930852 -313403 -262461 -178044 582938 -610912 553570 -997590 -869647 535991 -679676 184582 -793860 -441658 -290180 170789 -619384 178029 807694 -862966 -467845 -336178 -519183 -704695 -808869 -35318 822336 -482245 -862244 -403325 819566 -958263 -5711 633569 -529696 -841010 311863 312871 386352 916308 -247474 -529230 -704419
628634 -574906 -504425 831940 -304368 417414 192547 -506726 73290 -14437 54814 -360914 883577 128485 770134 -908151 -728334 73501 -307371 -14432 500304 634608 266002 -314462 977669 127678 32300 -948351 -326460 931287 -644490 41680 108843 864292 -470206 -27186 -720588 818434 252563 -95409 109993 287293 -982505 -727541 389990 930771 588547 -499270 -105768 -411983 894939 889388 147262 -503612 -938225 877810 -149846 787810 998483 -214678 66455 746522 357724 -208 -687779 -35261 380444 556137 790312 -546577 643422 524239 808422 168919 -854258 418928 768683 -697796 -685279 -500567
-215773 974959 -475224 -507799 -153377 -552474 -234173 198401 -926339 650188 -898441 283399 147494 682399 -769276 -377637 92096 -481207 -257670 292403 -512764 -426553 -984967 235989 -416757 -421515 102140 898524 -140172 -118892 -147243 -112340 599978 144669 -895712 -628006 928880 -791154 934180 -431328 887475 -237686 -945701 -243585 -69825 -823798 -725159 -215890 292471 -276573 301508 -716398 -111314 -506969 -717922 -904825 -770939 -480318 593527 23163 -888307 -654854 -406668 847647 336075 -692387 878582 278028 102078 285652 485656 -599444 401066 15720 164210 126285 15478 813401 -555492 -563072
-84674 -691069 579764 418914 -795174 690415 -629083 -653138 -937760 170319 -125630 608549 265860 -895986 601073 -583623 136348 644866 -801884 -638983 521097 -493565 296090 -490169 -722557 -14276 -558777 233203 -541973 445657 948096 -527623 880057 623563 49781 -355665 -52128 -753309 -669219 -589289 -309781 -695470 -549548 -645643 -434952 -312202 -387834 -390707 963513 -240364 -77825 -501362 937659 -370254 20590 -324245 -264871 333811 -817550 -151353 52803 658616 684482 -318230 94115 820910 -779765 -934396 -620307 272776 -1222 459787 856786 78966 170172 -854615 42510 -916692 219828 -62127
600899 -397225 488964 470059 -923743 154666 -585530 -467965 -934541 807029 -599729 257491 714171 378383 409266 276756 675224 -425817 233175 743022 -634484 -545646 328920 52370 -173937 430924 281013 -857007 -536837 487440 -63827 -434955 -282025 397583 98293 -347600 -59254 387980 -831190 945902 40239 -47180 71972 -968789 159019 -36479 757247 205016 -171691 567633 -208993 -712670 -292540 -918960 -592393 668872 -320359 257729 -935794 -28286 -827717 483598 584943 -422833 -376703 -908629 -361511 114956 -226333 500249 417432 510192 567015 -91861 -869490 -477552 922963 192909 -41162 -406790
-328930 -625016 -656020 240519 -309430 -509075 197499 -286643 -184788 640049 513724 213409 978714 673967 -172677 138915 887547 110499 484995 -432121 -593101 -664017 -41393 -711292 226466 -209975 665025 -201827 -814992 269698 -522108 224092 -46416 -45761 235809 196609 -98918 208471 -958265 -744125 -366565 -153551 -155810 -754732 402192 434283 -63922 -182232 831469 504606 -79379 -252940 338604 938719 -804653 761768 -160409 -7586 -804756 929 649977 919383 97027 -726888 -80820 -994907 -841578 810270 -36630 963053 -572613 85868 -973613 -903916 -359157 -450785 -554065 -712248 561176 956243
