-584692 -835486 -864998 958475 170597 -311803 805697 247128 -35854 -521600
951633 -478931 -692371 349035 993410 -633762 75580 302881 -144042 677608
134757 239056 946899 -513708 -509852 -265690 84896 -838010 622164 -524302
-954476 404685 -458937 -648177 397532 -402685 527415 936002 -971179 203667
189303 -906594 -36580 398979 -936583 195447 393440 -972876 475976 213441
-375493 -390607 -848577 -303226 -836466 758945 -185173 782354 552806 -623853
-648100 -772724 583509 354313 645999 -620916 333158 786934 -630351 -209641
-52239 170327 697530 446464 -836469 228362 -105072 103471 98629 468532
769629 215657 -802396 235424 -526083 644238 -222611 -148564 435718 -937142
893635 692202 332886 578684 -883919 -706213 -154859 153259 570263 512050
-465794 458465 810927 113605 268247 -148658 276499 251218 -170401 793465
-543446 -908677 320902 930532 587686 310810 -736325 -214474 -845461 926544
963906 -58677 -999590 -218292 185221 -935332 544208 255169 -65564 -333994
895548 374570 -626685 301018 -431012 859255 462026 156306 -327448 700835
259532 688176 509429 477057 813850 -340747 137652 -439908 -186054 824236
460882 -530013 988137 116465 -358337 353352 -847707 603882 76067 -319841
-301476 472540 358695 664116 -484141 627852 79873 841163 286765 -315838
669284 709421 -591152 -427882 -871905 605009 266239 225453 -792206 -807470
-455222 375295 -124835 -539721 592480 -580311 944935 -550570 154901 676183
791026 -783648 194363 617134 -228691 903957 967131 806643 -943959 339868
