496372 -527717 680343 105034 -263463 -289317 620132 360801 -254418 -38443 -686049 15223 -21058 381074 -15300 -690036 -782322 372374 -967714 435742
410958 811011 -85532 183437 -292034 448854 -102634 -3823 -871976 690584 -174896 368000 7505 -337207 -735258 579414 405682 235923 -58705 750621
229222 -749870 -732355 -432980 940752 428903 978667 -34881 251334 -177130 360063 -539366 -918424 -744840 56876 -580079 -409871 -119683 -456712 -364857
317861 -155094 -720913 -442023 -556620 284803 775202 622755 -804133 381301 -977798 -866921 -7171 286406 462328 98577 642733 944291 -908468 812138
-941672 -68422 286739 -639123 -264012 834726 -898960 -13030 325271 -107188 787143 -552681 644734 -97646 -738771 -499137 730306 -258520 -485638 125988
-124138 718690 956982 -616361 -934502 851479 -796451 -4076 -413412 -656373 676902 -764827 980093 -796803 -637898 183513 508282 -710459 325412 -414969
876174 -176290 648801 791862 974780 -695045 -957030 385647 -241233 616692 32695 -179431 -287836 -248772 436898 842853 -472625 -829483 648603 -876001
-143887 -129621 -339251 -276119 -98597 -534665 -890771 272987 -184792 -743132 223390 791385 24740 885954 99233 -634941 -973929 -207443 -797682 -341434
366190 293588 535066 580595 -559886 -977839 -566413 197988 769207 -546838 -448412 -784745 650515 154022 -106714 -821243 -117839 -395823 709454 351174
-910260 -562132 177358 -374830 -233793 -304947 169037 289278 56602 67586 340376 -785358 -766230 315585 775131 358621 -777076 -967683 351034 984790
