55061 9146 -281948 -352470 -433927 497617 -289665 921625 -242821 978259
608432 372388 -722806 490112 947424 -922143 269924 469061 407770 964573
-454735 -599441 -112672 -396120 140252 19600 708904 273508 -86327 -926961
-792171 469523 -191781 732760 653294 -594076 -456418 -602108 786684 -865152
-137304 -483127 -196811 -68727 619289 439526 -957120 831226 -701583 -165406
293288 80147 256709 -137002 656702 -832538 -139185 416680 -253739 -451577
489208 -9315 -18348 911251 840700 34089 161310 -698955 783673 -265266
-383034 -744865 -323519 396678 -356787 502150 -742565 201412 464413 -988933
-875006 65775 -24815 739466 -652765 216879 -674423 -585935 157187 126759
-664818 28328 -359043 -249056 696582 -909730 803872 127550 151867 -346953
-780409 681580 -937164 460522 584468 -441144 -694730 141300 181078 -81209
-523599 325615 -706164 -792326 396354 570620 -665779 -46429 260303 879304
-334960 498160 -960962 741697 -957498 -142408 -710368 582416 883832 181856
-719666 594201 -529928 -357952 48962 -342690 570070 820502 -657915 -526545
189127 -196446 -688649 -324921 112253 655790 334464 -667054 -492828 -129137
-396878 -450266 -622298 -975972 55166 502557 367405 -940447 -328715 595397
-710882 287947 -270552 321457 314380 874419 -685220 -630754 411200 -572202
445749 -597818 880622 -108474 -615405 963458 907166 247928 -886958 -159858
995884 355936 220745 -490510 108999 171669 -538269 472011 -150384 -492042
-403968 -850973 489302 -752140 -694352 -192992 -206960 -173178 -823481 709915
