-718 -735 -260 -997 -293 776 -936 550 573 -214
-202 -830 621 -451 -489 1 -919 302 -198 -438
891 282 -330 400 -230 -973 -216 428 280 465
-195 902 -155 85 -427 -992 -461 -64 864 -195
-958 478 -360 423 -441 964 -444 -293 177 48
255 684 946 -339 852 928 50 -780 493 -875
-853 622 538 -586 -562 -315 142 -90 792 -505
74 -219 -823 -912 663 -357 598 514 -300 -300
-372 -260 -277 -22 143 374 -109 144 -770 373
-529 -857 -936 -255 -528 -443 401 -338 204 -994
-365 191 -837 655 -125 503 -446 -483 712 701
450 689 -220 -261 11 -329 -557 -54 6 -757
-633 -546 521 138 -339 -94 361 612 -711 138
629 -696 143 640 147 716 -101 -521 -454 40
375 -242 -874 -247 -135 -176 874 80 -572 147
-938 71 256 -49 303 -898 594 554 -976 -663
780 740 -414 629 -273 571 -631 294 -754 -321
-255 -482 -374 759 -264 94 -764 469 465 -519
474 348 51 354 -794 -416 -421 463 822 1
-274 -549 816 -461 825 -543 783 307 586 -91
