674 -451 -149 -461 -641 -306 -630 106 221 852 -155 -553 -531 -344 1000 654 391 -934 -483 -600
-868 -507 -870 881 -748 343 384 -454 -614 453 -296 426 -115 744 97 -954 37 -662 985 570
0 642 -982 -49 -464 -710 -453 195 -217 919 378 597 -217 -254 640 281 -376 31 832 649
872 407 789 332 -901 -186 -568 -577 312 -560 632 126 -697 452 -481 471 -515 667 -766 630
-989 908 -953 -769 6 -375 -233 -584 229 -606 -495 -400 537 165 -903 469 333 245 808 -969
-485 -217 -21 -891 667 869 -505 -789 284 -392 338 -47 -609 381 -545 -709 173 -841 142 263
428 201 55 -6 -98 -179 634 -216 504 -416 -622 839 -807 -748 620 341 -329 -201 143 -163
-593 -583 526 337 -434 493 -713 -879 780 750 -808 861 -721 -516 115 372 449 133 109 -894
197 -773 -543 771 210 -582 849 -106 -473 -700 61 892 870 -268 222 725 -71 -934 756 292
-387 412 346 -991 98 515 488 369 444 -119 -932 154 126 -142 -19 -669 -769 -583 555 -407
