-906 869 74 -968 530 54 842 225 155 -503 663 -684 614 877 358 714 478 249 -269 -29 -580 189 354 121 750 -901 -273 -887 663 -73 -674 669 822 -568 326 -322 396 -148 530 -42 517 -335 -406 592 -432 519 462 746 595 964 -450 595 418 -393 675 -831 -710 -662 -76 -256 962 -374 -778 -657 616 -605 594 652 -128 -516 821 253 413 -951 -66 61 -980 -155 -499 -966
-121 67 773 953 410 -643 -571 889 838 -473 666 -798 -349 472 330 -929 -865 -191 -543 420 -724 -823 204 661 906 -309 -464 -453 715 989 350 452 582 -167 -641 987 -65 344 894 -619 56 -851 121 62 586 -906 854 838 586 800 873 -793 -536 871 170 -882 -787 939 -716 124 488 688 -106 674 736 -520 687 637 -853 806 691 954 668 736 -264 651 18 -452 -135 792
319 804 287 913 -840 307 -78 -86 -708 -920 590 361 -202 816 106 -790 294 993 264 390 -308 -887 -675 -693 509 -946 411 478 -785 -744 778 64 440 -965 70 525 562 245 -565 -848 -265 22 907 -210 13 96 541 -986 831 193 213 -531 -553 -69 405 -662 -383 -537 686 712 240 -933 243 864 -345 -707 -271 -70 320 -313 685 500 -421 969 -336 300 -52 -423 598 567
-15 984 -598 719 92 -966 -399 -982 611 -508 434 876 -56 -624 -492 -310 611 463 -283 -986 316 -728 289 -62 8 -872 -522 -499 717 -628 -782 7 -78 168 524 485 -330 -511 -472 -708 -604 -633 -525 -493 307 -611 137 -672 792 956 -456 -736 821 -956 -155 633 457 -252 215 -791 -457 384 -297 621 -685 -653 488 709 -951 -887 -850 -392 -783 -38 -178 875 710 -747 972 821
-854 -673 107 210 -951 -34 -686 559 551 -22 -392 -764 -70 937 -968 867 229 156 -275 -543 282 177 -791 -201 88 895 -374 266 775 43 -102 -989 707 549 -949 -43 234 498 872 -256 495 -661 -845 -391 904 930 -560 435 181 364 -395 -576 910 494 -342 643 786 966 714 -440 -167 472 -303 -312 181 223 211 -432 100 -315 172 -248 -286 -523 896 539 -484 -629 199 -835
540 194 -625 -961 -339 959 238 155 -966 -980 76 -547 -139 72 341 -50 761 -136 -619 47 498 771 -109 485 -367 -198 -819 -398 -467 -632 258 -777 -378 -715 525 -104 428 -688 926 -691 -112 -551 -998 235 464 -909 717 993 -619 16 185 101 -104 -145 -777 -73 -345 -15 587 -856 707 668 -607 -583 -500 602 959 824 -813 -76 661 -478 781 -837 216 699 216 738 -648 121
464 321 905 -26 418 -599 -970 118 937 474 -907 32 -321 -336 -71 -205 564 527 -688 39 -251 -701 -139 -994 691 -522 -285 -924 651 741 671 153 262 -122 813 -589 -5 -936 -441 -84 -97 -778 -448 90 509 -572 737 210 -471 -34 -514 757 615 924 -245 172 87 316 -423 -484 341 -530 -389 -589 -665 553 688 -127 793 140 24 -808 -385 297 -424 318 853 979 640 -426
-146 -385 -190 -258 -318 189 -954 410 817 512 6 831 -483 -874 923 630 -76 447 477 420 -934 937 992 -136 -927 -148 -170 550 522 238 763 -720 -341 -337 138 -160 919 -208 -25 604 600 -681 -402 -323 -185 318 -838 -148 -617 -919 -572 217 774 287 892 -299 -178 482 -599 868 332 -76 972 524 -943 -354 -63 171 198 521 651 137 -180 -209 241 481 661 1000 597 -295
327 164 136 -537 211 598 527 -441 -218 -537 -389 -571 -228 488 91 379 544 8 250 -947 160 722 -659 -949 -747 -768 -951 606 -313 -237 336 862 -393 357 231 -505 -889 929 492 -474 -790 -69 -964 194 -787 -46 147 297 -523 -351 -266 -411 -848 235 769 -953 -456 526 387 954 925 771 -926 370 -83 -94 -277 -837 769 -54 -151 -643 -626 648 143 -357 617 -212 -192 -143
209 146 -69 -426 783 703 -53 -162 295 392 -412 708 -75 -436 803 666 -498 734 118 -596 315 227 -824 -94 84 658 182 892 557 -912 -930 -266 81 -785 -732 784 919 820 -821 -472 -152 -790 -887 782 823 -437 -469 -983 481 -678 883 -540 257 184 -243 -304 604 870 -142 -289 -36 204 -973 -723 66 -584 -237 115 888 673 321 -730 -1 8 318 -650 470 -760 -557 718
-278 945 726 351 -662 320 -529 802 820 -553 609 958 -765 -432 -154 410 -93 110 549 -627 -289 129 -972 735 -388 824 898 -304 -725 -124 -754 831 45 -778 -330 903 -926 -484 -868 715 824 441 220 487 -98 581 -163 401 -728 -429 -803 -493 -698 -300 549 146 -321 319 -858 501 95 -443 -78 -964 -748 -874 143 -487 519 511 158 935 613 472 -851 -39 133 -429 -732 -745
97 -846 -608 -962 -527 627 159 881 652 -851 -239 203 612 378 -131 -331 484 -236 -566 511 -437 -88 319 367 -471 130 -450 407 -100 984 926 -228 14 -834 635 -655 -322 132 203 486 780 707 573 108 -873 -658 -716 683 31 537 619 -424 972 -115 894 -761 275 -203 422 889 128 -31 -323 -813 329 -17 -801 -523 -972 -46 -107 689 -328 -729 -717 -263 944 179 -222 822
-591 -886 129 -108 -725 439 -841 -14 511 -782 -393 -627 546 108 229 -656 -331 970 -230 -39 -988 375 -12 -960 159 -808 -574 704 -710 -220 962 991 627 865 844 234 151 141 294 -227 331 408 700 -533 -719 -735 -346 348 -539 -389 551 -840 973 409 -844 -68 156 -671 346 379 -808 547 182 59 489 -644 -114 718 -831 568 -152 555 -497 -490 370 -572 -29 447 921 765
599 465 314 -328 -706 -769 435 -298 177 565 922 732 535 -444 -430 -227 -346 -162 -997 -540 -113 -806 -636 -425 -84 307 430 -745 435 -162 718 -475 171 -789 -402 -536 -304 653 -19 893 -956 609 654 450 655 -681 -183 -724 -104 -325 444 454 -564 964 -293 85 116 -661 52 -704 -871 -868 -475 -115 76 785 -211 -940 -317 482 -476 -6 -196 -967 293 -271 -589 -542 242 -900
-833 208 408 -485 873 -622 -190 48 635 203 141 396 -635 -264 -638 940 -770 732 -960 765 -753 -172 892 149 713 -202 546 -886 -761 -468 -144 54 730 51 124 867 -182 460 -826 -69 -940 856 595 435 638 -487 -742 734 4 -395 -866 -404 193 826 399 714 144 -686 640 -24 -522 888 651 -419 -237 45 52 -748 335 161 848 589 -735 399 -317 -880 835 514 -588 233
47 -561 31 122 -321 721 549 526 851 -752 336 -880 -417 86 328 848 -791 -491 -328 582 -220 776 846 -179 168 -956 647 -109 357 867 300 -177 739 805 -173 -510 255 910 -483 682 640 932 -346 291 362 -37 -994 -647 -360 -627 328 377 39 938 -480 -652 -489 937 29 -218 20 -215 -925 391 17 -68 757 224 512 422 -144 -515 -473 -922 -233 426 -898 -794 794 147
-555 21 549 587 183 895 -425 111 678 -201 720 -833 -877 -60 439 -221 812 164 -428 125 524 -519 154 909 -849 -508 -64 -382 255 -545 -757 786 -569 -277 707 -319 800 912 664 -157 505 78 292 288 345 -889 -362 687 90 -822 110 865 -439 -755 148 -39 -908 -635 -568 656 -301 -600 107 -757 671 846 222 123 -364 -699 240 251 152 -135 5 -431 -885 -142 -9 -79
-474 -742 506 -179 -763 -493 -470 623 -292 -608 -999 -776 762 547 -891 876 743 -533 542 166 209 858 -981 -929 -25 -184 861 -55 140 392 850 13 66 -756 -704 -95 -310 -42 148 -75 -895 -608 -545 -991 -417 -136 -366 -266 -430 -302 -555 893 -437 44 217 -934 277 -408 -278 -422 653 884 -682 155 -619 21 497 -367 -439 -182 -196 -93 -862 -755 -205 -666 -550 706 65 123
-907 158 549 -639 461 646 318 -829 -898 -259 -210 997 897 -620 -253 -930 856 -385 940 189 -24 40 593 411 -867 198 479 -151 -370 -643 -995 -672 224 -556 58 316 -998 -415 -558 21 810 312 771 -333 -621 377 524 -774 698 -187 118 -900 -897 325 510 -689 190 -397 328 519 235 863 282 158 -744 743 231 319 -230 295 919 81 124 793 -895 -968 306 -115 -27 0
-760 466 -367 -609 -432 418 402 133 -655 247 -719 872 895 -720 796 -100 649 273 -556 -976 -605 314 953 -668 -104 87 33 -814 346 -992 260 17 316 -945 66 -310 -723 848 592 -722 -484 565 -940 -930 -347 224 993 125 370 908 415 -353 935 835 -921 848 785 978 904 -943 -924 -771 -105 789 43 694 -194 568 27 -515 -922 897 877 824 -281 -452 403 764 16 -979
139 -475 -764 588 -277 223 -13 -152 -302 343 -159 824 514 690 607 742 -168 -318 -999 397 517 392 -618 357 828 656 -764 -871 -174 -247 560 -276 738 -50 317 -157 -199 -978 -396 920 -247 -37 273 804 671 678 -962 -215 847 647 105 393 471 636 -847 588 470 770 -288 -571 282 -65 75 -436 160 298 -959 74 315 -561 792 -121 54 603 -789 -249 862 -133 770 275
345 -207 539 870 322 -164 752 -646 -325 -681 361 680 -893 -555 -480 336 -132 316 560 -166 -947 966 -518 -2 -238 -371 -728 674 -69 162 -365 900 435 -150 -370 488 300 -672 250 -947 -763 278 -614 872 995 -295 -493 529 -137 -873 -814 558 861 264 588 -361 234 -860 203 -331 433 -546 704 -569 443 -642 923 -984 564 -869 -43 -412 -182 -164 -507 26 358 37 -998 -80
-729 872 84 751 472 -847 -148 -812 -166 -901 488 -401 -950 -51 -544 -647 97 25 679 397 965 985 -555 -759 -763 -844 -968 -840 872 488 -808 620 631 87 710 902 7 -94 959 896 -585 945 94 -722 -823 458 589 -247 -427 -313 -207 830 -649 231 93 857 -835 192 569 -83 -285 936 621 295 -18 46 -754 611 550 -273 -875 859 -931 809 -961 982 -724 -657 736 -504
-171 -452 80 -84 -108 -496 -749 -976 -766 -999 194 -37 -297 -409 59 737 -882 176 885 742 -884 38 761 -885 -728 -665 -494 493 382 -678 -499 581 -213 -783 -290 800 168 865 551 -10 -580 -349 554 844 217 879 586 -395 816 748 -644 929 337 758 512 -853 104 329 390 899 533 -519 682 920 207 -253 884 708 287 -753 489 -860 423 616 420 -239 426 871 265 -165
990 -597 -704 642 -92 772 -676 -958 -520 655 363 754 -271 -870 568 -266 -727 553 -37 -423 747 784 -230 554 -349 926 -386 -487 528 -501 -740 55 843 475 797 -963 -868 67 -960 35 996 -476 395 -11 -976 474 655 813 -352 724 163 -246 -732 -863 -28 -962 -840 -388 -513 620 -820 -549 -256 -342 618 -796 789 264 387 -242 -250 883 946 -60 -991 -717 196 208 -661 -823
130 -636 246 -659 814 356 -216 152 971 852 -981 -875 -602 -79 690 -987 387 408 907 -648 -296 511 -466 -866 -966 334 191 550 76 -279 459 993 458 342 972 -917 693 -509 -721 -568 -576 588 -553 963 531 565 -989 849 -446 -134 48 -426 -772 -630 -382 -949 624 -21 881 -749 464 -68 968 -709 857 -982 -503 -720 -706 273 503 53 102 502 -672 -369 952 -57 736 -629
-582 -641 519 239 992 -837 -15 -640 -881 444 -329 70 -143 -206 73 -988 -749 -776 -792 655 339 817 811 883 114 -835 -558 928 -82 -807 -480 964 161 -721 707 -719 -849 -139 -832 244 -355 -474 231 831 -653 -473 -768 -35 -168 -39 34 -725 -734 -898 -184 -834 161 -657 -508 -417 590 -724 -833 316 771 -675 442 -305 261 560 257 -277 174 -624 301 -853 619 -368 909 934
865 769 649 484 -982 794 674 -926 -992 81 -328 350 -297 -500 811 -753 -906 -756 337 -356 -792 -662 415 -688 -784 812 873 -110 777 170 -250 -543 -76 -483 912 163 -674 -260 -710 122 -833 16 -494 -955 -44 223 551 -109 643 -971 -463 326 448 -897 264 350 -552 851 -587 357 -22 764 769 181 -963 -318 -385 -267 128 698 753 616 -548 -862 -910 -688 -650 -653 -457 -988
-942 308 325 -584 834 445 -648 -28 -885 -802 611 664 15 203 603 478 456 -636 -76 435 -676 -707 -56 -466 -702 895 452 -813 -19 -905 767 324 448 -285 -763 495 388 108 366 -826 553 -761 -576 479 -673 141 857 744 -837 612 243 861 153 -341 168 273 278 818 824 -998 -44 -471 864 -787 -333 -246 -749 -161 -761 -755 -993 454 -15 -56 -787 252 -549 -649 483 936
-109 478 -987 -995 380 -612 626 -264 -958 -205 858 313 -79 -304 724 -395 573 770 -574 62 -581 951 305 76 174 -751 -921 -622 -85 -979 188 35 80 -932 934 -370 -840 261 -81 -960 718 72 -733 449 -406 23 -378 -432 570 486 274 -413 693 73 394 -350 792 543 381 -107 -944 -939 597 83 748 409 664 -883 93 483 280 270 -717 880 -217 879 -395 773 -115 344
-489 -57 253 40 -319 -357 -910 550 395 -974 -694 -601 951 -735 -182 -554 -687 935 294 -579 -194 -673 -473 174 -957 -333 239 559 31 -104 397 -131 15 293 218 -116 491 -522 -663 -559 199 -600 494 -483 109 -927 205 -970 663 -995 648 130 38 -100 292 -891 -993 386 -305 821 -680 340 -475 -87 -824 161 795 835 635 752 692 -648 -978 -720 -205 470 267 454 891 28
484 882 -600 598 631 -205 168 -424 -288 -258 -418 -653 894 -467 -977 -155 -467 355 -348 -969 793 534 118 -142 597 472 -582 871 -569 225 -364 417 357 545 594 -61 -838 226 952 518 152 -600 447 46 854 540 905 756 352 975 -554 564 -558 260 -185 -103 -211 350 -337 968 -233 305 362 425 81 239 -951 815 -631 -803 570 886 856 -99 511 693 -193 -778 -610 -770
-241 -494 245 -132 805 -967 -523 320 -293 445 802 -282 -860 -176 805 312 821 -643 -779 768 -968 -9 549 848 831 -781 457 -696 653 797 726 -715 -700 -512 -483 411 349 -103 501 119 13 -136 143 236 102 -202 -505 670 252 -243 -432 -526 -939 -165 -336 856 584 110 349 598 539 -896 -426 135 105 670 -711 164 -904 93 132 505 -203 3 -667 -848 -659 -355 -226 795
-943 26 745 253 564 -389 688 -859 -988 -522 20 75 885 -158 879 -756 -293 482 140 -99 -201 360 966 937 589 -637 541 722 -778 -27 -642 -515 -700 50 412 -304 -675 384 -222 -479 -272 -202 909 862 191 623 391 -520 -15 652 -406 -847 43 -367 712 941 474 574 915 -640 374 -827 -188 917 -514 -101 66 -298 -355 -569 -786 453 804 -360 -279 -789 -493 -809 -889 344
-742 -111 371 540 -112 221 267 38 421 -676 79 -861 -331 -535 -218 588 560 441 214 689 -806 -294 793 -745 -317 -106 -130 -528 129 114 -195 -878 149 1 -114 790 -946 -509 -8 106 -17 -436 867 -396 921 715 -287 -89 777 -894 286 -617 -767 -532 -776 -65 -581 -966 -63 -857 -542 -343 -1000 -397 -321 105 -858 782 -533 -427 788 610 -184 752 16 -376 -79 -697 -636 -572
340 -511 -105 -393 -379 -530 -646 427 939 -567 -232 -714 -303 -250 669 908 -249 -849 792 -689 -626 475 152 -369 599 143 400 436 -462 797 23 14 -919 -320 959 -299 710 -945 -257 901 -448 -640 -500 -508 825 402 -701 -333 -874 235 744 185 938 -264 52 529 -418 627 -887 516 602 567 -949 329 -46 441 574 -921 55 -833 -180 -210 -530 870 -800 337 252 -715 437 981
448 161 917 669 -955 -687 -376 -470 -292 102 -748 277 411 -465 -181 -646 193 -37 -346 -14 10 -574 -754 -987 -733 -843 -645 258 -999 969 -916 640 282 -649 901 968 -639 -260 65 729 158 263 -478 -974 -906 394 14 -567 8 763 565 -677 82 60 -848 607 891 925 567 -525 -481 -281 -253 -347 -284 -597 577 -960 377 -389 -905 -896 606 -104 68 710 91 847 -609 890
853 893 741 59 -947 738 988 -220 -887 104 -406 591 756 -447 220 903 -877 -42 756 193 -116 113 -262 -472 -30 474 -778 -714 -802 -396 -580 -392 -819 515 -545 -557 -399 -73 -427 -644 524 -710 -58 951 -639 -149 -299 629 -2 173 988 158 953 -217 483 206 135 -142 -148 -556 -51 -883 -428 -135 -922 836 -944 -727 -613 955 -940 -872 -872 -672 627 -136 287 687 -286 -820
163 147 -371 401 -264 -304 842 -261 -275 -558 -445 610 -821 -531 -651 -692 768 746 -997 905 -326 -520 -955 -577 113 385 665 285 353 -53 -479 622 992 -470 -193 -952 433 274 -145 365 64 169 -932 -713 -41 -363 -26 -268 622 287 -642 -874 898 -193 839 3 656 34 167 526 -172 577 923 579 -618 33 284 -70 -96 230 -565 -160 992 748 800 983 -514 396 175 681
310 -673 -336 318 -697 -68 387 673 -231 -441 62 -217 -851 -113 -545 189 -60 -311 69 369 442 -340 -703 355 -684 487 -790 -756 -534 243 -338 -909 302 -143 824 920 -480 746 -306 -672 807 120 -77 -791 -628 -242 -193 124 282 380 -932 -843 268 -352 -859 -116 863 -477 267 253 -263 461 -249 396 813 -319 816 -493 -70 -790 339 821 -716 -164 906 751 642 91 -359 -134
209 -159 -131 -703 37 994 552 -353 -306 296 -30 637 -484 667 -662 214 -275 909 -536 718 -33 717 -306 911 416 799 827 830 827 131 -866 -601 714 828 813 -359 -650 576 726 -450 -83 2 -471 -661 -457 3 -935 238 971 -673 223 459 -44 -810 449 459 983 54 -423 77 917 702 -223 772 415 877 74 242 291 -717 329 27 393 656 230 484 156 -835 -679 217
-138 -457 403 -353 757 620 -777 475 494 90 -530 -214 671 -313 -263 -644 918 -340 526 939 160 836 -415 -65 -621 149 -994 645 -464 627 630 -58 -386 14 484 -540 -140 -794 278 -335 165 -886 215 917 -238 837 -337 -35 669 425 418 -150 -780 -937 882 -890 451 -806 -123 870 -686 836 -485 -710 -123 -6 776 225 692 206 -825 -856 -692 457 -773 945 -251 854 -118 -67
-183 -724 576 21 -549 589 -866 -753 629 455 -342 -24 915 -472 -500 -460 -739 986 809 -204 -995 621 968 -600 -732 825 -187 -467 -691 784 843 36 436 -40 -328 -719 -375 626 -106 257 -132 425 778 -802 78 -643 -42 728 -102 -478 393 74 306 -523 888 90 463 -90 -30 -663 -398 863 -762 -272 990 959 58 -539 146 445 246 366 -877 -503 -64 -102 860 -446 -580 556
-556 598 358 -65 -888 -971 108 -844 321 320 655 -821 -80 -394 390 -696 -45 380 -81 -84 -825 433 -737 729 -930 -191 710 446 -586 980 -365 -146 601 132 993 761 711 -462 98 78 286 93 398 838 -786 -462 -173 -608 -143 -832 -537 609 -218 415 -924 -157 -78 -734 654 -159 102 -727 29 435 362 -705 695 102 -497 -692 -362 912 711 -602 886 -922 -31 -422 709 998
679 402 -416 912 -766 -958 61 -991 681 163 -675 10 239 486 -25 740 525 6 -312 670 35 -294 -325 258 356 -139 72 980 -520 287 -149 351 -226 -345 210 -632 682 -566 960 -128 897 388 -352 284 913 -466 -952 -988 -54 -758 -886 -366 -963 -526 146 -216 -840 216 -921 -553 65 202 394 -376 215 735 563 403 -765 -679 398 -687 148 382 -274 635 -684 -828 -573 -402
315 615 20 112 -788 31 -209 74 -302 387 -582 -662 929 -105 -124 176 -161 -55 -46 -613 474 271 -644 -748 203 -306 -899 588 239 851 -372 -45 444 566 -210 754 -965 869 924 26 -390 466 -581 266 -80 -835 910 -12 460 890 -67 748 -545 249 -475 250 -517 -317 -509 899 242 -414 -142 -646 501 -315 -398 -711 88 922 977 348 362 15 -526 -737 950 -718 803 883
-794 -344 488 150 110 159 218 255 -964 -296 309 74 -161 -384 385 -240 -58 -860 -852 180 863 -919 330 -610 407 -887 825 614 625 -60 -666 -893 348 -887 760 -463 769 -444 100 461 359 -968 -174 -179 -508 -518 105 140 -668 400 531 -328 -8 -838 -337 -165 646 794 229 -640 422 533 461 838 -998 597 -212 -514 -39 93 146 193 -910 624 414 -472 770 185 -112 143
426 -900 611 -465 -995 -542 -173 532 514 -258 -2 306 -38 -731 856 78 -198 544 -28 226 -818 676 -676 -959 53 -399 -287 138 -515 -554 -854 -638 -322 10 -179 974 611 -89 -897 -355 -725 -769 -254 543 629 579 -988 453 143 -704 664 848 -397 268 -680 682 -337 -811 113 882 5 549 124 -193 454 -440 261 586 130 -119 235 -59 -567 -966 941 -466 650 -528 -205 -734
-106 972 -795 -52 969 661 247 459 -727 184 -698 3 -993 974 622 240 788 -703 912 -649 172 786 426 606 574 24 -265 447 435 181 -579 845 598 -575 431 -31 59 -126 -661 -352 -797 -331 -626 -990 -28 -531 268 289 -379 -495 369 -728 -287 -746 -778 349 990 -994 -166 -895 750 529 589 339 -918 527 -890 -675 277 229 299 133 -707 -204 -816 -373 -242 -549 19 -431
347 430 -624 677 -707 397 7 407 -942 -288 -601 -481 -910 -961 -318 253 4 -849 509 -307 29 -972 -398 646 -452 -393 581 46 -747 -174 -885 -625 371 896 -39 -643 -772 626 215 415 278 -804 -111 -236 -738 920 -455 789 317 -245 909 -733 926 612 -468 103 -813 -472 -396 357 142 806 961 -283 947 -966 -708 776 -696 -458 -306 170 -832 -917 -720 -52 -224 -313 -707 848
-333 630 -577 -314 132 915 393 -288 944 -5 -28 -914 108 -118 -211 -757 311 163 416 85 170 623 497 -546 -305 -493 -779 313 920 376 -679 -205 911 954 990 494 -24 94 -314 769 -928 -68 880 -251 -337 -390 -709 418 893 963 848 -530 -83 -631 12 249 -76 655 146 532 489 -786 113 -278 -620 -622 62 -687 263 948 -657 -370 395 -610 -585 605 -312 215 -278 -673
-598 414 -928 -197 29 -479 -239 -679 450 -909 -345 777 258 989 -729 333 827 341 259 556 -984 -56 -171 -790 -902 -619 -527 -86 -924 -676 -946 405 789 777 -394 -772 -149 -319 -488 -676 69 -595 499 313 773 620 -798 -491 731 523 -961 816 110 -497 389 -278 399 863 -905 73 -179 -245 -212 -810 -609 60 -220 552 949 -537 190 -334 -773 969 636 310 -158 -74 -126 375
860 -812 625 830 -478 -514 -484 132 503 400 526 524 -699 663 -28 835 -48 921 -616 -854 115 158 503 -109 -597 -556 631 -772 -753 -3 -22 880 682 735 -526 -445 -686 449 192 592 895 451 -997 589 -251 410 -711 50 596 -249 -375 -359 -323 674 -810 -976 40 -352 -176 445 28 396 -189 -342 -217 -177 364 394 242 -149 74 -845 -835 856 805 -443 510 -45 -704 663
802 682 -748 -80 -30 -284 31 -246 687 469 -231 168 -768 -865 -633 -861 752 572 -64 659 750 238 -338 239 902 770 476 89 274 -171 290 369 -29 256 923 537 -177 -138 430 983 250 -470 993 -261 887 -40 -343 -639 -185 7 -972 -732 898 -826 626 -689 243 858 -160 670 -584 -266 390 -233 -517 -210 319 579 -676 -684 242 666 439 -98 446 -859 -106 -428 175 -582
2 473 282 -700 246 -637 -939 -594 -924 -114 475 -161 -326 -566 601 373 682 -424 840 -452 -415 -291 400 -904 527 810 61 455 858 858 -671 96 300 111 -506 891 -54 -174 466 907 68 13 903 568 960 -853 -648 376 -880 539 695 370 -427 -529 790 -781 882 439 -543 83 692 -74 919 -163 -991 699 -89 -314 -357 666 -179 -123 -642 786 932 814 -200 -358 -130 390
480 173 -572 649 -238 -752 -225 -630 -406 606 -342 401 290 259 702 466 737 703 810 781 -85 421 728 -78 -339 -737 284 -547 -919 396 -576 906 -805 -526 -321 793 -635 -904 288 285 -58 -358 -753 -761 291 388 -130 -823 -279 439 -204 95 537 -628 -648 -238 351 89 -930 -875 -592 -909 864 -489 563 300 -572 -7 799 -445 217 -164 -490 488 -851 -817 424 -766 357 -506
-119 -861 403 -833 185 -688 -777 -273 712 445 -291 -627 -814 662 -267 40 68 805 973 -72 -98 870 -946 -905 229 -750 618 -944 565 -490 52 -409 -523 -390 189 -856 -174 935 765 -280 -472 -350 693 -561 16 622 822 406 -529 102 259 -986 588 511 401 506 -415 155 926 -766 9 597 160 -718 -624 -776 533 -930 902 783 885 178 -400 357 868 -588 881 -532 169 -447
-96 -38 332 86 -155 182 274 -645 870 -710 -37 550 -611 -358 68 958 -737 -261 -827 26 -301 -57 -625 401 -5 103 -557 748 505 -707 867 400 874 23 210 -303 -289 -55 -67 368 -418 -609 -902 688 748 -33 -481 -751 -216 878 -129 -250 -24 265 707 -438 -147 637 366 917 -727 221 -352 319 594 948 -918 -358 580 -182 -691 461 -291 548 11 -292 -204 580 148 263
-109 247 248 -388 -781 -971 167 796 942 -850 -793 -864 965 -434 -749 880 -215 387 13 -255 117 -812 276 355 591 -945 -584 -73 -528 -923 133 -4 230 570 -708 537 -422 687 81 339 745 437 256 991 -759 -694 312 -900 -882 187 -472 -238 -224 137 994 738 536 500 -136 -811 965 -731 549 742 -841 108 -279 -614 631 58 -309 319 -449 82 -802 171 -560 -274 380 -458
779 -448 -584 -67 458 -635 -178 741 -477 464 503 570 -195 20 606 809 -736 200 935 -547 -300 -182 278 -607 -2 -279 -895 210 -38 741 621 345 -707 438 -343 874 518 -716 -173 335 -547 -622 -985 -288 455 258 -77 -85 -636 -182 753 -267 -950 206 -589 -566 369 -429 948 -846 -966 835 840 -868 668 -199 -655 82 607 -663 728 -409 -444 211 347 -998 -459 965 242 -366
294 925 778 521 421 689 53 -912 -113 109 533 844 78 935 321 -618 -998 17 263 249 134 -213 -679 642 -966 832 -464 -682 821 66 -273 919 948 969 -953 524 26 -144 415 257 -89 -447 641 148 -283 -557 -989 -250 250 -915 680 640 73 864 -721 620 762 -730 867 -525 876 -798 -470 -840 936 99 -266 550 -751 -236 772 396 508 -973 -647 683 621 389 -612 -431
-327 0 394 110 142 -193 -955 249 412 795 246 974 83 373 -118 856 -514 854 -424 -857 -28 794 -320 151 -488 251 52 422 698 -304 -15 820 200 -54 -462 -320 -638 -183 35 -892 320 -519 231 833 348 -608 -116 -997 -129 -526 172 -574 -862 528 -250 411 -248 623 110 168 299 380 196 345 230 -64 -183 -29 391 653 -883 545 162 -657 872 -834 610 -429 974 -146
-327 479 441 -689 -707 95 147 918 -418 615 -965 257 70 407 -146 -462 -122 852 -433 522 -686 -468 747 -992 -658 -157 -22 -344 -734 -258 908 350 54 -284 593 -51 639 -99 908 270 288 606 -907 471 -564 273 -625 761 360 551 129 -544 725 174 787 -646 660 747 114 -423 857 -129 -449 332 -916 35 -152 187 709 222 823 -293 501 -577 -580 736 933 -247 760 821
436 -992 -479 396 273 -42 569 -725 950 183 -455 -938 335 -350 -547 370 -984 -772 -342 -603 203 826 -431 896 870 797 -850 -723 303 -880 90 299 -722 799 296 -79 -592 262 879 -102 -291 170 413 955 13 -87 -172 -392 -785 -263 930 -187 -197 797 400 -652 -797 981 540 -242 279 -482 660 -890 -82 -2 610 525 -682 -933 348 369 -421 662 435 15 -92 510 889 -761
-645 753 -89 -992 297 -937 -851 -843 961 -455 358 676 822 -800 -236 -127 -291 711 423 -486 905 -928 -947 389 506 74 -158 350 -812 602 927 -829 -930 -13 -838 629 938 603 260 378 -111 -128 820 -872 -70 526 -580 697 644 329 -607 684 604 -231 136 951 -837 668 512 758 -968 -685 573 371 -546 156 -199 444 725 -345 -628 -668 528 882 -315 519 856 523 864 -51
90 -951 -984 -360 -306 -897 842 354 171 871 498 -879 18 -740 76 162 527 -265 570 -907 383 917 -542 -925 -555 195 167 -491 492 826 47 66 103 -753 103 738 -954 312 880 58 -207 -723 -9 -405 179 -80 -81 418 -733 -69 700 -192 -39 859 -168 -750 -958 -368 276 -216 -46 197 604 -498 895 -289 59 355 434 384 -40 921 -66 -134 -416 -455 -230 -6 238 497
919 -805 523 633 -6 -866 -506 249 -678 401 -672 289 133 340 188 -158 193 822 -852 996 -11 -749 837 992 868 -476 139 203 -939 -456 -354 509 -959 -271 -990 -18 991 -980 882 827 -447 929 -475 -796 -313 506 797 -299 -519 -965 -417 -769 893 -586 -243 -253 615 -471 507 475 -894 98 -760 -343 481 -61 -297 -196 860 659 -87 661 -173 506 40 -935 810 -543 144 985
-501 -967 353 -838 -122 921 503 576 -65 -111 -128 -380 -928 -279 -260 -313 -10 -655 -361 -110 940 -536 199 -297 -856 100 646 -491 -748 -232 589 642 725 -743 764 -255 -510 854 -867 -717 -485 345 -159 -334 -254 -909 -854 -184 -327 -885 963 447 180 -581 -306 -956 -918 -252 641 355 -486 -775 868 -345 -792 553 540 -297 -246 -532 -836 -498 -194 65 154 577 347 117 -785 750
87 -181 -21 -105 772 378 543 -499 124 -977 -713 -204 -905 -960 712 43 496 187 53 882 -987 -196 -58 -301 -234 -555 865 316 -4 -635 854 991 846 -643 -783 664 -964 663 -571 370 601 245 -734 739 718 -538 449 -213 -315 17 537 481 -883 813 222 -570 579 -157 380 -267 -470 -560 773 453 -85 394 486 -52 348 -122 146 500 -379 -314 -998 961 -532 772 -405 978
-918 704 95 -551 -781 -848 396 -882 -71 -836 -170 -296 -248 -949 780 5 -142 137 526 -101 449 -557 -712 -990 510 -582 -458 904 267 -100 388 -144 824 347 29 769 -188 757 -646 116 -170 531 -215 742 7 -818 -684 610 -254 -991 239 -207 538 67 581 368 -254 -952 -102 -105 -720 -575 138 -943 283 -887 -955 638 -795 -756 143 -418 -382 413 845 615 622 735 -512 785
976 661 -550 930 -258 -580 -748 -90 202 36 -763 900 -730 -249 950 921 855 -938 -555 -905 929 353 4 -293 435 -862 228 678 779 506 249 322 -281 764 995 203 832 50 -181 -212 -955 -154 -143 -617 -393 -588 909 95 -515 -360 -674 -363 -187 -36 -783 156 255 -51 -696 -993 -621 774 305 520 631 -795 -256 -182 887 938 437 -527 -913 831 601 -869 566 11 903 529
-590 -132 61 -145 -275 939 188 754 735 304 711 479 241 -305 385 619 -350 475 111 382 -353 -875 -395 -39 686 849 349 -70 -46 4 -178 109 825 537 -78 895 -194 661 -551 -960 -827 523 223 -177 536 -566 -195 934 881 898 -504 67 251 -493 -662 358 -194 700 31 282 -694 735 236 -428 -464 -259 13 853 -100 -341 -81 543 764 -374 -270 996 992 456 82 264
-769 664 -339 931 170 -499 576 291 -216 -628 590 734 -377 -39 -861 -551 616 439 -281 306 579 491 -309 -38 -848 -868 -50 -668 773 915 430 85 21 -963 -265 779 480 278 -917 335 932 -734 227 -600 987 -516 78 666 550 -883 261 -330 956 20 -25 329 -567 -787 -291 -551 -454 -375 931 -879 -204 327 -178 -520 -454 -486 690 949 525 131 337 -857 -213 -567 724 -366
1000 886 647 -883 233 -921 509 110 -411 -729 877 824 -541 -934 -846 91 915 -596 628 -181 -543 38 845 -246 -676 906 -983 112 -685 735 -800 359 -667 -806 102 -15 697 828 -740 -825 -715 127 -903 -851 46 -331 495 -175 -770 -660 -732 -896 -917 -997 -743 520 613 -95 -241 -513 611 760 781 -934 -939 -148 -113 256 384 -958 20 715 268 -303 -374 857 628 174 -997 -700
488 -201 -447 697 780 374 -230 730 167 -114 328 -195 -277 454 -670 -906 730 -684 219 -938 -62 -648 -297 953 -383 54 815 -124 727 -596 -682 -242 646 836 -835 966 -251 207 219 -622 392 726 -535 346 -768 644 185 -836 334 153 991 -287 -207 602 -452 751 -153 679 -336 97 0 -803 326 591 -505 804 860 264 783 -276 414 -823 -816 -395 -650 -74 507 -11 245 -144
987 -894 577 -494 120 858 268 -480 -428 -160 -148 268 -860 -702 -360 140 -746 478 585 -696 -326 -428 -859 238 462 -458 198 711 -323 -561 -295 -378 339 394 -188 -559 -799 -495 -77 933 95 514 -478 875 743 903 823 -385 -217 -106 -429 -960 -258 -976 327 602 -397 788 135 977 -703 100 831 917 80 528 360 909 -2 445 849 -455 601 -577 913 620 -515 -422 -564 808
-318 683 -86 -360 -490 -760 21 -573 558 171 11 -149 -616 -242 -501 -389 -325 239 -122 -602 413 210 455 852 442 -372 987 -723 691 543 -539 430 -882 -306 332 723 359 -484 780 987 992 567 -644 484 -588 -492 -154 630 -35 -243 -156 -412 891 -574 -862 -158 -736 783 278 532 364 -492 118 -609 -256 722 -743 715 526 -239 -172 -309 219 -155 431 177 783 766 45 478
875 -601 699 615 -418 418 -147 -982 -763 -769 724 238 64 34 -380 35 922 825 -826 -921 -450 17 -500 726 827 339 578 416 566 666 372 -358 -876 907 -686 173 258 374 -806 -160 544 -408 -336 -577 182 -966 536 -359 -513 -891 140 -398 513 -362 317 672 555 -979 471 397 885 186 390 -487 516 383 697 408 -994 -747 -796 -421 -146 868 -496 -782 -897 158 -15 390
-812 304 -550 783 -8 130 959 -862 128 -767 -897 -377 388 931 673 311 -704 358 -409 -860 -138 439 -552 99 -622 55 477 768 -28 399 -163 -908 198 -179 317 -140 -495 509 -579 204 131 -723 79 -400 -557 994 -104 -144 -857 384 -427 845 612 395 -246 938 116 836 -969 423 309 586 311 -40 653 -269 -559 -676 970 -570 398 -289 -617 -317 -227 -991 62 -329 -720 -272
-87 554 -451 645 -736 393 811 768 -594 142 -887 759 835 987 -956 -870 100 646 -637 -666 -125 710 -98 -431 12 330 -289 854 -192 -182 -106 817 -441 102 314 958 442 85 604 649 -201 -284 -958 -56 495 134 -344 477 393 -413 776 -153 -603 -866 669 124 574 -352 428 -891 -976 116 -689 209 495 219 -812 126 -508 -244 -75 318 591 471 817 -210 -655 -429 326 897
689 -337 -466 883 718 145 -428 10 -71 282 600 -480 786 48 431 328 606 258 -648 -481 291 129 -627 629 998 987 -863 -281 -347 949 -981 842 16 -2 117 45 -400 -443 -891 -717 -304 -222 -887 -175 770 900 229 -66 278 -532 456 28 -406 -352 363 124 560 286 -599 -492 316 267 -911 -109 122 -705 272 -992 877 -287 15 438 -728 -305 -851 -339 -941 564 -97 -173
-566 218 775 693 851 10 97 657 -897 132 766 511 619 248 407 -711 515 -921 988 -466 623 222 503 -879 303 448 135 -980 265 -301 -773 -646 -653 -814 -977 -163 -97 -993 104 -933 -499 744 767 -944 498 206 -487 239 961 -347 -713 -586 210 -60 -696 351 486 -109 421 -997 -212 -439 -233 -602 -862 457 612 -149 806 313 -252 -785 241 652 290 722 -204 -516 393 -799
221 571 731 -932 137 737 538 -799 367 -563 589 794 -412 214 -978 929 329 233 -728 -166 -586 -471 886 -634 448 712 893 970 -166 501 606 686 616 5 -285 374 840 176 -958 377 246 -584 -859 359 -483 -540 -334 -502 -383 905 -775 -777 833 -836 -909 -65 31 910 670 -936 -134 -810 38 -845 222 846 751 -194 722 -475 937 -863 -683 -471 -143 -432 692 741 902 -876
933 -462 -644 150 -428 -134 131 911 -804 -902 -412 -347 -33 -464 -372 840 609 -308 817 -557 595 504 650 492 -653 -443 -78 803 455 -769 -689 -936 965 -937 525 927 -446 -24 381 -160 -27 208 -777 -957 -968 315 -928 -548 -86 429 224 -350 -923 -166 967 -994 592 291 -195 338 270 -461 -270 -849 -326 -879 954 -134 728 -13 115 -858 -599 -270 627 97 -843 -304 14 229
103 168 338 -506 783 484 628 -770 -49 356 -500 661 459 -983 148 -80 -852 73 -623 -22 -565 -898 455 579 420 -834 634 -939 384 100 976 -876 -638 -381 -595 789 597 203 -208 311 -484 435 -892 874 -436 -868 -570 -195 480 390 550 131 975 510 -106 956 -424 649 -571 -390 320 -371 645 -270 806 -829 924 -26 -15 -679 707 83 253 -196 102 87 -193 -224 -666 -971
683 111 474 775 875 -608 346 -358 422 -944 712 537 1 -266 922 -719 645 133 -292 609 -249 9 683 984 -829 -786 45 535 -281 157 662 -500 -863 -807 -832 -878 708 -379 -595 723 321 872 -296 -701 -982 432 -498 -296 977 -387 805 6 953 124 695 -566 381 -97 622 262 562 -968 865 520 120 -207 309 -168 937 -155 -33 -782 -125 558 -540 94 -564 680 -614 -373
-848 -349 314 -738 914 -127 453 771 553 -277 -486 -946 692 400 -946 -477 668 716 349 -733 -737 887 308 780 -123 -456 146 611 -816 -742 -921 882 353 -186 662 -806 -141 -896 130 61 226 134 -58 -509 -183 982 669 789 74 -701 159 -864 521 526 942 -329 -780 599 -332 747 50 -225 -826 -822 -274 297 -853 753 -157 342 625 62 -24 323 150 77 922 -361 402 -648
528 431 -34 -141 276 -269 -15 -443 501 -713 -377 162 -771 -641 -250 -115 -114 -368 -851 480 15 -433 807 581 422 131 632 965 296 -370 -847 -170 577 -688 -911 -68 814 687 -794 -788 -231 207 -294 161 -409 -223 644 124 -648 -323 743 -790 -408 -712 -652 67 -757 -623 -315 -636 767 -634 -862 -272 309 -581 -234 -668 -893 -534 -993 355 753 -365 880 136 356 -999 350 -452
-980 -665 709 817 -773 863 597 377 -354 632 205 -320 156 -61 625 854 499 834 250 447 537 -546 -219 436 625 -907 256 380 -180 366 -912 -715 273 -842 253 -736 421 -155 115 100 7 138 -680 723 717 -468 243 99 -3 458 690 96 528 -316 860 990 752 246 -822 -509 -859 646 -348 -720 -60 43 151 -348 -406 -670 -523 470 -507 -648 984 -900 -745 -78 -378 -431
-559 73 305 -323 -262 483 -431 -793 -672 966 -859 116 -589 599 285 421 911 -335 93 703 -971 390 752 -701 -335 350 662 -930 -3 121 805 -260 -946 -590 921 997 -794 -485 -927 -841 -217 666 -253 737 -338 -214 321 4 -115 49 153 627 282 -13 -415 713 735 987 660 -359 185 -238 454 -217 415 313 -386 762 -270 -887 785 -88 -770 -251 355 121 -960 -186 57 414
922 814 842 528 -240 884 -432 664 -769 -823 -693 589 141 304 866 -446 817 -607 -951 -764 -714 -195 528 512 -384 -115 -828 736 -411 865 -187 173 358 -97 -644 -335 -876 556 742 641 26 813 -902 -303 -533 187 -446 136 -306 824 -395 -486 413 -235 -258 -635 873 378 230 -707 420 -579 357 911 -609 924 -981 834 59 -177 -710 -203 218 -6 547 -132 -898 -422 731 -576
-725 319 -838 -298 109 -537 588 -754 -502 -360 -259 -35 394 -957 384 904 -859 -258 729 255 -471 -386 -752 866 -833 75 435 -579 -780 -662 553 556 -695 206 661 96 868 441 120 -932 -220 -827 -833 -366 -679 -583 -598 364 731 -903 -380 823 941 800 985 -239 256 369 -830 691 -425 751 961 -242 -974 -552 -396 -217 618 -476 193 340 820 -609 781 -983 909 547 702 -596
-637 -822 -460 -723 966 38 719 888 -224 437 -57 968 936 -171 -728 695 4 521 239 950 -933 213 928 -912 -129 943 -244 -650 -944 655 317 -532 342 -213 -278 -249 657 -865 955 -333 -68 -122 -775 -788 974 -215 418 766 -939 919 833 257 -974 -850 -834 563 906 866 605 348 -532 -204 333 -657 414 536 418 430 699 862 -376 940 689 716 37 -731 -655 33 -601 975
-442 9 900 -122 -828 -694 -409 -792 -483 26 -95 224 -805 606 -387 536 -6 -602 4 -532 -959 -407 -904 -222 -485 109 -367 854 10 -947 620 -914 913 744 -719 -114 -438 -986 -74 -417 -731 -714 562 -938 950 -385 -458 557 607 858 -411 741 -562 -807 504 -375 -630 -676 40 895 -311 -945 -773 -518 320 57 -338 -329 -303 -850 581 -420 554 644 87 840 -1 171 -204 -681
522 130 1000 975 -691 -733 -577 956 -799 799 -764 -515 -990 -470 -749 889 -778 -976 -145 -798 -930 371 317 -653 -255 231 -406 -101 122 -748 834 399 -587 -529 -326 -645 -744 464 -678 -966 -816 919 609 -940 -699 -353 -557 -764 -394 365 397 201 -728 -279 -380 120 996 376 826 -452 102 163 960 15 350 -670 -108 -231 -96 -347 -897 751 923 -658 -648 18 -134 -542 997 -566
-454 981 772 435 -962 175 -394 -655 -492 -404 539 -191 -832 -127 -820 -677 674 357 866 -58 -752 -808 661 -942 -439 -632 -257 -448 -921 345 -593 -522 643 430 -515 482 -329 65 -909 303 -745 879 848 390 -915 621 -575 -842 22 -623 367 864 668 -753 -240 -883 682 613 640 6 522 -318 -865 321 72 93 -996 448 -267 -994 245 -26 -902 82 -85 416 -171 -128 314 -305
965 928 787 649 -94 989 -377 808 129 -277 132 994 991 -520 -551 4 255 310 955 -174 835 69 622 469 6 618 -275 892 754 84 327 919 836 205 -217 293 -603 517 857 288 -279 -868 220 293 511 428 -866 626 223 -923 -752 45 -526 -719 194 960 -961 -950 -73 -187 898 132 49 -855 -325 -403 -33 -834 -136 -263 -105 -201 -389 -165 272 -467 -473 175 -572 582
-993 28 175 -584 -796 -367 -54 358 -282 348 -128 430 805 -103 353 55 -229 204 -850 905 92 133 665 -5 -965 -923 754 360 315 417 -8 26 37 -643 -273 921 -635 817 677 587 439 115 -769 706 -745 247 12 -370 269 -844 -770 318 -108 924 453 -422 -814 589 -410 936 -567 -925 294 -369 27 770 537 798 -463 441 -434 -708 11 -376 -353 -263 -64 -664 -148 -696
861 216 -665 347 78 -61 -239 550 479 916 796 976 -879 -748 153 -297 129 -436 447 67 863 -482 779 971 802 -134 -189 33 250 -152 33 68 918 396 -734 698 192 336 256 458 492 -286 780 404 814 -172 -847 201 -812 -51 -8 -395 -944 -434 619 -670 577 -752 -523 -55 -665 361 -884 75 119 964 -145 472 -574 -859 625 -479 -592 -28 -664 465 669 -895 -904 218
-84 -665 601 641 349 -269 -876 944 738 677 -838 -137 -387 -564 -405 269 -868 959 649 -324 -737 127 54 120 -113 278 717 -403 98 -396 8 432 731 0 -839 -922 -766 248 -306 903 -428 -74 -678 -816 -690 684 727 -111 -793 152 852 696 -903 -112 754 197 144 111 450 740 -9 -722 52 470 548 487 813 391 -825 -754 333 768 -779 -433 -534 -117 -120 665 598 -505
-173 -307 -318 290 893 835 66 283 -965 203 669 -997 108 -414 -942 -685 438 -698 484 -73 432 959 -632 -531 -301 -326 -996 386 458 -109 -971 942 297 404 -847 279 -504 426 -173 120 751 -826 -19 -963 690 -507 -302 -373 -193 250 203 955 175 208 -492 907 8 -533 -371 517 -911 476 -893 -261 165 332 871 -635 54 -852 432 562 702 -246 -359 -585 12 156 910 210
32 761 877 -455 -463 -783 533 -246 356 -239 -366 -510 897 -445 650 -584 526 53 -758 -682 -579 609 359 187 -456 -261 883 -310 -706 -197 195 766 -576 -336 -24 -819 554 -692 -266 -344 300 971 -203 694 920 114 -774 636 78 93 900 -384 -484 -84 937 -765 -490 435 668 742 298 -369 -884 796 -30 -147 113 34 -203 180 -225 217 -83 -722 -680 -677 144 -824 232 -336
-439 -856 -434 -612 -756 -824 469 -481 331 -244 -961 -328 -409 -460 -16 936 -36 959 861 -844 827 -431 503 873 539 859 -7 -651 -200 -514 -231 655 511 -921 950 -306 378 -916 -137 86 604 -811 -299 -933 -909 -713 583 838 -135 -937 43 -85 28 377 178 80 -807 -804 -294 339 -131 333 -941 412 780 807 12 580 -716 -681 178 855 -17 157 -596 -19 -582 -99 -617 -222
-791 -291 721 418 -898 420 986 826 68 -357 -288 -230 476 -516 -919 522 -919 -40 516 125 998 153 -707 -763 624 110 -351 309 51 -855 -481 -984 -745 -740 -47 98 46 978 665 -23 870 -675 -543 242 -927 -120 959 -898 492 -877 564 -438 -73 47 -411 439 -38 624 -91 815 705 -48 -752 213 -567 906 96 943 -943 223 401 648 -694 16 729 548 117 -351 -6 346
-780 -394 -727 56 370 -682 710 725 852 -62 73 -186 -509 995 964 896 -613 447 -765 -527 937 -208 -618 864 274 65 161 679 -403 -231 586 115 -760 195 106 718 -940 -131 -956 943 370 193 661 414 271 -538 754 442 364 192 -768 -366 -580 416 614 -654 -582 693 -591 -553 -152 -141 617 994 -220 -870 -629 -836 117 597 -731 581 -76 -557 582 255 -182 602 -322 622
832 182 -346 -543 -91 -268 -44 -831 128 70 -46 -597 216 253 76 -754 189 -782 755 -956 859 -191 -310 279 865 -154 -779 799 -808 784 -747 -981 587 304 685 566 679 -529 -706 837 720 545 -448 -175 -44 188 -664 -64 254 39 -472 -344 -814 477 792 835 -573 238 -566 770 -542 -521 142 -497 -608 272 928 878 209 -848 -822 -867 -349 62 58 -44 -514 -779 122 217
-970 440 107 487 -826 -125 -578 775 571 -583 983 159 -779 -504 955 -407 450 -628 -139 253 -813 365 25 -761 588 -546 -564 613 -870 749 945 480 -563 396 -953 449 645 870 -208 -884 326 803 -843 160 -92 32 277 -338 -888 -653 879 -779 726 -723 -511 853 437 81 82 587 864 900 22 296 81 -774 827 -274 759 -157 -99 -825 -174 392 -946 -465 572 -735 -175 -897
-647 -921 299 -145 -549 -956 -334 914 -189 354 861 -492 394 -94 -228 840 -916 64 898 -656 -273 -607 436 -645 -746 473 361 444 -985 308 -494 -556 -159 909 494 -613 146 -366 -426 39 -121 632 485 -890 70 514 -262 -972 -674 -104 -943 -166 4 53 -822 -743 -660 -749 -507 -936 922 948 -155 126 -613 -541 387 -948 -496 -800 347 536 -386 482 459 -54 562 73 743 480
-20 -324 -303 -811 642 -915 -534 -722 -109 -216 -802 943 884 103 -52 -556 797 306 -585 -248 -75 21 299 134 -629 906 -198 -516 -138 794 642 668 -926 876 798 -852 800 73 117 616 517 326 337 144 -985 607 -813 -366 606 599 295 -574 507 447 -430 -395 -832 283 100 438 447 -940 -641 711 -804 -426 -409 754 541 187 855 104 -604 -315 -754 -475 867 467 256 862
317 -645 -614 869 885 -9 481 -999 -797 -420 265 -427 981 -511 376 997 271 171 753 972 886 504 611 984 35 738 -680 736 -206 -306 -774 862 -70 676 -186 -312 -337 710 -515 198 -194 -332 341 -519 -914 625 -566 389 143 -619 333 599 -545 -481 -701 -354 -151 367 462 441 -61 431 82 260 -615 -30 599 -206 -511 192 -520 -523 724 -263 109 651 -494 -348 -435 926
981 530 -57 629 -50 -910 392 -193 -358 888 -986 -534 -801 999 -715 926 -91 649 -121 485 192 136 -267 254 -380 -686 622 -138 639 -354 269 760 -663 686 -347 -933 882 962 449 238 831 33 -923 -85 -919 -222 -67 530 496 268 263 -655 418 -233 829 279 487 980 941 -72 171 206 445 -413 841 15 557 -835 479 742 520 -826 813 -373 40 -711 -83 707 -218 807
-186 -101 -316 -66 991 55 634 -304 -747 26 679 88 -903 222 -440 744 70 247 -114 -508 -418 560 -577 413 694 -606 -599 810 -928 -703 216 54 158 -718 999 179 -589 348 307 618 692 -421 474 -812 -600 -739 -65 -765 430 -600 908 -182 -139 76 622 20 748 566 -708 947 -56 298 279 957 630 224 812 240 -289 192 592 -272 80 593 341 -137 -762 -731 -187 -906
-282 -488 173 232 418 -473 560 -532 396 -274 767 -289 368 858 617 -653 -869 -515 11 -932 -114 621 -604 88 -551 144 618 836 33 -526 -619 -540 -736 -173 673 397 225 -989 -267 -12 735 604 884 752 -737 571 -466 -547 134 719 -845 849 -295 -586 389 -479 656 -558 189 -575 463 246 -210 -570 -854 927 24 974 720 -292 -857 485 173 -752 252 -749 93 188 538 -266
524 -241 -767 228 924 -650 123 968 416 -833 -55 -965 24 560 -489 -62 556 843 661 -610 -512 61 435 -397 -566 -462 -306 372 333 11 899 -506 105 44 -717 -324 -645 -22 -236 -529 -859 -571 -261 -922 664 908 88 -193 -617 963 824 293 -470 -928 -410 781 -228 -310 748 276 158 -936 743 -687 31 -883 -549 -336 -62 -824 170 633 348 -276 -96 -356 -644 64 -697 284
-364 173 559 906 670 693 -409 956 -424 966 363 -336 -649 -566 -386 -176 934 -576 -612 807 435 459 -899 -251 86 298 241 -850 816 918 -36 -562 -868 -221 -976 -904 621 946 -839 990 -158 -410 915 -19 993 -267 -917 347 -957 -275 -84 -533 30 -14 584 -425 325 28 -977 673 45 29 947 728 -753 -855 303 -421 203 -4 988 181 -507 796 -531 444 -362 -325 576 857
289 -75 -495 -642 911 -553 722 -252 -942 -325 -628 -231 216 85 369 -409 340 619 -824 -613 950 -193 -249 -393 959 590 -90 -329 89 717 483 -864 -759 585 -492 176 391 -425 -917 -393 380 -443 -618 644 -193 -659 -218 144 -839 -783 918 472 18 762 -589 -672 726 -665 288 -565 212 -383 242 683 -865 -647 -875 -396 853 -439 657 -772 683 659 -81 343 -94 -127 931 874
252 130 149 -937 176 962 576 482 81 852 480 -172 81 -107 -563 827 194 385 -600 -540 -497 912 535 168 760 -417 -521 908 -3 -338 426 -888 544 310 947 384 341 441 939 -783 -123 -56 476 863 -50 -252 -404 -576 -394 336 160 500 628 -563 274 841 -886 -692 -36 924 553 -732 -66 -461 992 538 -620 -822 -353 -591 -640 926 63 -366 542 -698 925 -652 452 -356
-854 127 -581 -512 -646 161 -759 968 513 487 -794 990 553 -216 -529 -707 -88 -883 -112 -494 612 -656 983 247 -867 -863 40 -329 817 463 470 -410 -827 356 -22 807 -415 -342 762 -429 -515 863 812 869 -69 -329 400 -94 -865 865 -861 101 -706 719 771 497 -357 760 419 589 8 273 396 -715 984 194 -83 136 419 -844 -878 685 -905 -549 242 -815 2 637 919 37
921 -275 4 878 -295 373 650 25 101 -113 52 -60 138 50 -93 975 -191 709 -165 299 839 -461 -661 -35 424 691 -515 -78 -83 -704 -44 -384 842 -392 782 -443 799 583 -857 643 886 -311 -106 623 -373 -685 -445 -767 -971 101 -935 -980 492 103 283 -612 -543 250 934 -84 1000 -312 987 951 -442 476 -426 -917 -820 87 382 372 995 935 -835 50 578 -672 -213 -690
-600 -35 725 -956 -472 513 -687 189 -505 -597 -444 586 836 813 136 51 -905 -647 319 412 -977 -632 -714 72 231 713 -633 -429 153 -908 669 116 -674 -917 314 -59 968 -616 193 -616 382 718 841 -967 286 90 -801 490 -492 852 -339 46 153 -671 -939 -140 -40 722 520 -229 950 12 869 -76 720 220 -750 36 -767 -174 -92 -236 -395 586 -58 509 181 -296 75 -152
