-390 129 -652 578 29 -420 -877 -104 -897 292
-87 434 -199 9 718 -164 208 983 -132 -215
-325 763 403 691 -963 545 -113 -784 196 605
170 -405 808 219 -83 175 -34 -267 -840 627
415 -821 492 -358 207 -165 -804 295 -808 -388
613 947 -706 -942 22 -141 887 612 330 349
716 -927 -503 141 720 -323 249 315 777 -244
699 -636 -719 947 804 440 -340 460 614 -936
-99 -424 -92 -684 144 -570 -352 -72 -197 714
-207 -654 -82 154 744 -633 367 -112 388 196
967 285 -392 -861 11 72 6 984 419 -647
118 67 356 -168 -171 208 281 -571 843 886
335 521 -289 608 409 -183 -357 753 788 -747
352 -773 -662 -221 834 925 603 -92 -48 -459
313 825 -455 -171 308 887 -692 -777 508 -131
742 -934 592 -770 -877 -551 185 217 -546 -191
-905 598 807 -2 843 962 -536 514 141 -978
-981 482 -400 -207 144 -467 531 -307 -693 434
-751 -170 680 -632 -371 528 709 -365 -217 910
434 691 -30 -138 -625 -338 721 486 -637 351
