-422 -259 192 -997 -395 -10 886 8 598 -36 335 -61 638 -712 966 456 808 -189 200 309 876 -667 436 -905 64 670 -984 -231 -74 -90 2 477 -448 -31 997 779 -661 209 143 258 -32 331 -487 547 827 980 842 -336 799 343 369 -251 -169 845 748 384 524 202 355 -534 -956 453 831 -470 836 -684 981 709 656 636 -59 -875 120 296 -137 41 93 -679 -130 -686 -112 -223 -889 528 -917 -738 344 735 163 837 -211 811 568 173 557 -125 -760 149 712 502 -274 -772 892 900 528 72 -100 519 920 454 -175 397 -833 324 -534 -978 -171 76 -849 -817
54 986 716 -789 -957 -130 -845 -534 421 792 758 -375 637 -898 593 -505 468 193 -244 59 535 -208 -338 691 -240 -371 -686 -470 432 181 793 940 729 522 36 369 -9 185 865 -215 -854 135 429 -300 -140 -508 128 420 -508 163 855 353 983 261 222 -988 992 724 943 325 -886 651 195 -780 -649 -209 479 390 397 278 -639 742 -687 688 -808 -707 -857 376 152 -4 -966 807 -817 -392 802 953 -297 137 329 -825 -232 -115 -886 300 379 -640 -899 -370 928 346 -782 514 -62 766 633 -526 -594 -892 -648 417 167 -8 -252 -399 471 616 285 811 -93 442
-778 -76 -131 -778 924 321 893 416 744 -811 486 806 -169 229 -283 845 47 -64 -838 294 -191 -439 -218 185 -411 -672 584 -77 675 274 -33 669 494 -307 -829 -235 -235 987 159 968 534 -717 754 804 -56 457 279 338 -606 -734 -769 -179 692 923 667 -261 783 328 -110 927 819 -536 673 614 -500 641 -141 958 -463 264 352 358 79 143 62 -67 175 348 673 -632 441 -33 946 -276 -512 795 519 182 -508 -811 124 -477 26 909 -960 543 -533 12 -117 695 843 117 -240 531 688 917 -903 -735 -282 785 271 374 6 -551 881 587 -7 -660 146 -668
775 -364 -633 -660 982 -286 -518 632 -834 658 -841 789 -886 301 249 -896 291 -768 280 574 226 623 -844 992 -57 58 -476 761 881 68 765 145 587 97 623 255 514 -870 426 55 786 -949 -273 586 -809 -946 -393 -39 -540 -475 -931 145 160 132 -272 -306 698 850 510 -937 -457 422 405 210 -708 445 777 -981 -437 -372 739 -728 859 973 -953 -226 -983 -811 406 -588 885 500 647 729 91 693 200 625 -573 -838 -792 -539 -404 -166 -106 -296 734 660 -936 577 864 458 969 -855 -735 526 605 739 742 914 535 -391 198 512 -268 181 -945 189 639 -180
493 913 418 240 687 872 798 224 -92 -249 -177 119 -748 -508 -344 -427 -216 788 3 -929 -55 -511 -743 371 -120 -652 231 822 409 925 -456 -940 -92 -461 797 -56 -408 322 543 97 -167 244 119 -211 337 -269 -837 475 -858 -687 -865 -458 540 781 -630 387 15 572 352 -239 409 177 -658 -592 359 441 -756 -775 -783 -83 -972 45 403 76 -972 -142 -606 -373 -247 754 -824 -536 839 -595 18 842 57 287 780 244 -180 200 -481 -292 210 800 260 -999 -658 666 384 -504 -728 120 -49 -147 -289 891 -638 71 39 -228 -984 513 697 -806 8 -613 -952 -443
407 -897 76 970 769 424 -352 726 -608 724 -761 -859 585 -885 134 -710 413 -486 -343 -858 191 950 410 111 901 572 195 -737 358 449 -172 -134 819 -590 78 374 -104 696 -159 930 308 241 894 -288 -800 -953 369 -175 168 -698 813 19 -173 -854 -222 709 -66 -838 -781 -301 -318 481 494 914 537 762 591 -988 317 -788 901 -137 -971 -956 749 -623 -1000 -653 612 215 -713 875 -142 3 -177 614 363 931 1000 -24 -553 701 -459 -215 729 308 281 -854 341 -175 197 -900 759 299 -824 -537 -256 -46 -652 969 528 132 841 -769 207 -284 182 55 -574 393
-509 687 934 980 179 -332 -665 -69 760 -246 394 486 -990 951 -651 948 -390 -892 -405 -354 850 329 129 154 -378 -877 121 -796 738 -605 -151 444 108 -350 990 -339 -500 -876 -879 -251 505 494 892 -932 402 725 -924 -770 475 908 148 -750 56 -320 94 -228 -549 196 744 -879 91 -314 951 788 203 -495 913 585 -584 -421 -163 -321 -325 -908 -816 611 -55 -300 100 880 498 902 495 -419 918 -817 -575 -752 936 -329 -762 -228 -976 217 679 -834 969 -260 486 275 -19 -286 657 -263 -564 -776 466 223 733 142 664 -899 839 926 -5 401 763 -897 -452 -725
-630 -156 -969 -286 -692 -649 322 -751 70 444 316 -690 350 760 -825 -321 454 -392 -474 776 769 21 467 -1 385 -79 -684 -763 794 -868 225 -669 726 -51 411 -149 491 -700 388 825 -871 755 -772 -550 -73 168 -93 -914 395 -239 -834 -180 -334 641 215 962 477 40 166 811 635 -248 -712 -384 -513 752 439 -392 -299 -203 -489 -23 -743 323 -957 81 124 826 123 -103 -923 -171 -779 -859 -619 808 -513 384 -710 146 -59 -236 922 -713 -976 790 -448 342 -990 457 61 876 475 116 -273 68 -821 569 -296 -478 952 -792 914 937 -53 489 630 -921 582 332
372 509 -955 -839 -975 891 433 740 450 -41 112 -51 -571 -61 -395 332 -840 -170 -748 724 593 -772 -103 -964 636 367 -774 666 -21 -988 157 961 688 462 -355 -217 -909 -882 -248 41 283 929 157 -990 125 -906 726 -104 -645 -91 550 -481 148 620 -464 -52 389 182 61 -133 -52 206 -279 745 110 293 728 -390 -173 -754 -373 -978 294 -440 -47 910 101 -119 -151 -344 185 781 -339 802 -387 -916 -985 -925 -70 378 -472 -53 739 874 189 -396 102 -167 -103 -467 836 -463 693 -788 -264 553 -442 -627 -961 -4 -908 -883 -922 -724 150 835 -944 -753 -939 -161
-685 -9 -594 253 168 438 242 -151 -446 543 -420 -846 -874 -634 -191 700 -23 323 302 785 -438 -406 -796 720 282 662 367 16 621 285 830 -150 835 -172 891 -124 -789 -965 921 118 -143 -361 705 245 293 813 -253 -247 -430 356 -272 17 -843 -622 -781 -189 -219 -154 -529 182 -174 -202 832 -999 -247 775 179 866 933 520 859 -927 -211 854 -892 141 939 443 208 -654 638 -795 -88 -419 153 -718 -745 -281 -171 -366 -626 -387 241 -794 101 -769 -856 -80 712 -113 700 -175 315 496 418 -181 -288 827 233 729 217 168 583 189 819 -370 328 276 992 311
230 690 -939 376 94 -214 332 -430 -720 425 252 99 1 692 -771 -229 -661 -394 408 317 795 101 680 -943 654 -9 -662 -85 -838 490 -786 921 758 399 -926 839 476 -227 -835 -60 378 689 164 -541 -459 138 -276 -692 -568 310 -938 57 504 96 -657 -555 -124 -822 825 -587 -428 840 674 -400 -886 863 992 -183 -398 -416 -482 543 408 -677 -588 942 979 -674 -622 175 -245 756 129 886 -411 -123 209 -249 -501 -109 884 -513 -66 566 -367 97 954 112 -775 174 139 -717 776 645 -185 -103 -850 427 332 -334 -545 452 -673 246 542 -318 338 577 -889 -693
-189 -742 -491 498 848 -750 -999 289 -533 682 -540 -226 301 -238 -373 863 464 -791 -930 -794 30 87 -810 504 834 71 265 968 580 -131 560 -681 -965 -230 -673 -685 -877 959 -421 -138 41 490 -200 962 251 -294 -327 693 -636 -723 -786 -735 -49 806 17 876 819 -609 733 -312 -923 475 578 -396 504 -109 -220 -880 -827 478 -696 685 -946 -165 271 660 695 495 -44 -521 -316 -366 -446 -422 -620 396 479 822 -76 -356 -43 -72 -919 908 509 683 -715 -392 398 668 -36 -849 354 -529 451 -13 -101 24 -533 875 244 797 -660 -343 -10 -379 -75 -3 319 -417
-174 -725 -853 -212 745 -107 -990 -648 -521 612 -333 -158 -90 -887 -903 -777 386 -322 -359 178 395 -436 -39 185 -205 85 950 617 833 391 -700 495 842 580 -264 -451 -516 479 -468 -413 -168 -397 703 399 736 983 -557 -831 713 276 -247 183 -872 -45 -711 456 355 721 250 -819 -926 -302 236 977 971 150 -417 969 943 963 814 -284 611 -589 -5 571 -779 -472 -779 -51 -787 -130 684 -30 -832 367 800 972 -229 -221 297 -470 -502 -356 870 -705 136 188 -23 -505 -479 943 535 483 611 994 -577 201 571 349 489 249 136 888 705 -214 220 861 714 965
-426 -901 441 653 965 -473 885 655 330 -55 700 -393 -195 623 752 622 -843 -991 348 281 -149 687 262 81 -680 283 617 313 -177 -234 486 290 -24 -431 -191 -973 71 -411 -495 -250 710 -665 190 -794 654 811 624 346 -423 383 321 13 898 826 626 -152 683 113 844 -592 -677 596 -863 448 -301 118 915 541 378 633 -937 225 595 -812 211 871 -218 -124 221 374 -819 -773 -190 816 -136 -855 -262 149 -553 -336 -660 981 613 -237 -255 -495 -186 905 202 -473 120 225 566 604 51 -411 -251 -359 -711 -879 -206 -191 883 -346 -729 77 449 922 -976 692
-748 977 671 -988 593 353 -653 -528 -587 595 61 115 -20 -190 -59 759 340 742 -664 -912 83 -735 -164 -698 -748 45 -564 -781 -430 -922 -119 594 -613 -276 -651 875 802 -290 93 -209 -336 945 435 -976 -11 216 484 522 663 -492 -667 973 60 582 -385 704 -984 628 -498 277 375 448 585 419 -116 299 -744 345 -830 -1 -310 -157 94 -715 -814 362 -212 -130 12 -304 830 840 -229 -358 -225 -670 -23 776 199 -179 144 638 384 -850 329 618 467 -908 840 151 717 393 622 746 -233 710 -174 711 -687 557 -701 820 -405 -72 835 -260 -788 769 -711 851
22 216 381 596 739 751 968 271 -256 328 -511 -641 -431 -83 462 -737 -598 740 753 -325 297 478 739 -414 -871 702 686 -627 327 865 395 -942 497 121 -43 100 -150 239 -87 -450 274 525 646 -183 -45 -696 -393 708 -302 621 -638 211 736 449 421 268 224 -458 471 -887 917 -190 -110 -103 -290 462 275 -226 -236 33 -648 -131 861 -78 704 -442 -17 -995 221 -518 -54 815 -249 923 -909 -123 -625 48 -666 -46 -851 165 0 -577 165 -145 417 41 -504 808 -668 982 222 181 -117 774 27 -349 -561 -244 363 94 93 -551 19 532 -185 -242 -365 745
-955 -562 372 -782 -419 -162 673 -990 856 -914 339 -876 579 -960 -649 -724 -346 -932 233 -409 -613 -849 -126 -69 656 132 681 -768 -910 -945 -296 523 -25 838 -788 -800 857 912 -946 786 -975 -865 983 849 24 544 124 -906 -64 455 708 -630 995 566 652 119 -211 -185 383 380 660 -606 295 -599 412 413 444 -935 -510 611 -385 161 132 -12 548 845 383 904 665 558 485 654 -733 698 349 920 854 -210 969 670 496 516 652 218 -873 -146 464 -666 358 826 -462 -680 -294 -362 -429 759 -913 -558 -30 701 933 216 542 455 -905 -299 -570 12 -637 -98
828 361 290 289 694 141 -973 -345 -965 817 -719 -920 -713 -842 -441 -579 -222 -319 -815 579 -338 -663 -388 331 810 -399 -396 527 534 671 132 -540 15 -671 -565 -146 8 -12 905 929 -91 -596 722 -583 984 -636 59 361 56 910 644 -182 -954 -685 -533 555 -589 364 291 795 85 824 -1000 -234 -772 15 448 -32 -272 983 -530 980 -157 -324 -253 -392 -135 -360 640 -497 -759 351 946 597 203 -837 465 -658 -624 386 -653 -521 -678 861 986 -368 -861 874 -126 916 487 -989 711 846 -184 -252 896 -287 -41 -737 789 -677 683 387 -972 922 -49 -584 78 -632
159 -421 809 980 793 617 -632 831 564 -859 -456 -413 -571 -705 -779 -102 -595 -434 -919 -697 106 -220 -81 129 39 -993 -430 -614 -273 74 -32 383 -344 651 -645 -669 877 331 372 984 390 968 -678 -840 -477 111 -42 331 -749 222 992 -942 -708 -732 411 -689 463 -384 -957 -480 -379 -620 -204 -809 -519 930 135 -9 829 -100 -303 265 -984 851 463 -905 38 -304 629 -219 -235 930 -325 467 -430 -638 -482 107 183 198 -577 953 476 -270 249 -190 463 -521 981 227 280 -17 173 609 559 573 -230 -32 -646 90 -420 682 319 -963 -255 -65 222 681 -787 -811
3 437 490 616 578 -629 4 -352 -708 -269 -281 942 -474 -491 -798 895 -201 233 527 -875 786 -961 -656 63 -992 688 645 -502 342 -151 646 157 -364 114 685 373 -150 -489 331 385 -52 -348 -593 -7 -26 66 509 904 -880 -878 -250 731 -739 497 168 -497 -774 -477 399 961 -408 -298 -925 168 -801 734 546 -197 60 697 -940 117 308 -169 -277 -654 -838 464 863 685 822 283 384 -792 -336 433 -456 -531 -24 -879 458 -756 862 -197 635 340 779 250 109 258 -296 -340 582 497 -534 155 361 185 597 -956 452 -259 -458 -752 645 -931 -677 -952 -860 -836
539 -525 -610 -679 -803 -583 -305 -25 -276 -25 -466 -727 843 -624 -81 292 118 607 -322 289 306 -673 -800 439 -830 -820 191 359 -709 -961 -282 -517 -676 -657 -917 804 -530 459 917 812 306 -82 421 -956 9 610 891 767 305 -741 -568 -785 -758 -891 204 -820 98 -98 758 762 774 -374 -600 386 -72 -705 893 42 -776 -253 -176 943 954 -997 963 252 739 -106 -541 148 352 -523 82 41 514 960 994 499 552 956 -685 -708 -697 -31 436 -460 661 967 951 888 -912 931 171 33 354 803 893 113 -482 0 681 -712 -962 429 -205 -700 -978 -252 -74 705
-303 297 546 154 850 784 -729 -60 796 -395 646 -748 -752 -926 433 206 937 485 -436 991 -495 -188 571 881 -161 127 344 30 -436 -949 6 54 986 -564 -509 27 -685 734 450 -800 -423 646 -924 -997 890 -394 406 545 -403 -494 283 -89 531 937 -461 -185 241 -470 158 -543 506 -204 -825 48 -594 826 -723 -420 -224 976 -234 -918 -913 344 -165 798 -134 432 945 880 -640 188 120 256 -682 22 775 -807 -750 587 506 81 -270 -376 -827 913 903 741 -9 -54 855 632 214 304 527 531 777 616 -867 540 -599 -542 310 670 78 -62 -662 782 -823 633
-252 -328 54 -183 215 -915 983 -477 792 727 -686 313 167 827 649 -802 -766 -371 -745 -400 -164 241 632 70 -326 395 343 505 -517 626 -622 -349 311 295 -109 727 -882 452 -744 -598 -615 618 674 -743 60 30 354 369 718 838 75 -304 -198 -721 792 933 -446 -893 -66 238 -304 -600 831 818 -341 910 80 658 494 -674 -315 503 -762 -200 -307 382 -781 209 -716 708 -745 -290 153 551 -985 74 591 -826 496 -483 -479 -441 -703 -105 853 358 -274 -820 750 956 -507 -247 34 285 -831 628 737 -712 -175 461 -832 -723 -474 -941 41 352 624 73 714 333
865 167 640 576 -430 -382 -621 -557 -246 -179 235 48 862 878 -530 -31 -799 -500 169 -976 -718 990 -559 539 880 36 -707 268 -895 -46 829 -78 497 386 617 23 -132 -353 -79 -369 -775 944 345 -213 -743 108 93 -95 119 -328 144 -432 73 -272 451 788 -541 -460 -59 -280 766 -175 -519 72 -572 -538 -774 -954 -583 692 -303 58 743 -202 234 623 689 94 -308 317 741 -987 136 -784 827 -322 39 498 346 544 -913 884 -777 -981 -824 -706 -523 -752 668 198 242 -331 590 -844 461 983 -251 316 -188 464 -252 620 -357 754 -118 -181 -800 -926 140 117
-824 -227 -855 685 -47 -808 -537 459 -9 -680 157 423 20 -976 -826 -484 442 -306 -266 -480 -290 -169 832 -528 -754 -759 342 -552 -556 848 -942 730 -175 -202 395 218 -28 -259 -237 740 744 -529 232 179 -472 -275 -807 -286 890 950 -70 -335 521 9 14 945 -794 -787 623 -534 -44 840 -667 -457 704 32 681 525 153 475 261 429 -940 -915 -100 -432 728 913 420 148 -432 -462 758 -332 29 -723 -79 -178 -339 109 -602 -414 -329 -107 -978 832 -37 -666 -740 -374 892 442 -933 978 185 -935 -447 759 758 744 507 801 -900 -795 -788 141 217 671 639 -889
305 862 -271 -779 -890 -576 -427 -453 421 -93 582 -864 -267 -618 890 -928 -298 -136 -666 -871 200 955 -236 703 -965 -436 -142 996 -468 772 414 910 -565 71 111 -345 -945 559 -107 472 -684 -797 -258 -85 -67 -481 826 377 -480 184 -488 687 831 -699 -835 225 -438 -443 50 931 -536 -669 -248 -328 199 870 -92 -307 -69 -375 -175 -38 233 -295 218 -89 710 -824 737 -172 636 -977 330 82 -665 -873 -392 -125 796 -401 4 -832 136 -108 542 29 6 -401 -310 -54 -638 63 760 -701 -227 189 763 935 -281 470 -225 -537 421 -605 -495 481 -79 81 -549 -938
164 -365 -515 -743 -448 649 149 339 470 444 744 463 892 -494 428 171 721 -263 -136 577 -270 426 260 -980 698 -890 -395 -902 505 125 552 64 689 668 -840 31 805 913 260 -806 -776 -88 -576 706 73 805 -586 -388 305 -594 594 -114 109 912 -487 -57 -657 -732 -987 738 -558 -415 259 -46 -921 811 -543 -775 724 229 85 709 -33 752 -721 80 409 -570 592 783 708 -331 -682 -938 118 840 562 -795 868 993 590 -923 -167 976 320 667 866 968 853 339 -327 -352 -557 -979 -327 -745 120 -144 -337 538 -92 69 -531 317 54 -578 511 -188 118 439
892 224 -401 19 -37 -363 -839 -768 888 -436 976 558 -785 -833 404 -587 249 -154 -980 222 -426 321 894 -726 -605 649 -496 -846 -852 813 967 -448 -258 -147 597 412 -706 -111 -442 175 -453 689 -180 -848 -467 -417 -69 -517 770 419 -251 348 417 989 -100 -862 -970 366 -384 525 870 -17 -387 616 767 -945 -593 440 674 -859 -926 -709 -111 521 -628 572 -493 203 -618 504 134 692 831 -625 -78 185 80 886 692 554 201 -172 280 -675 539 842 592 750 -814 -880 -245 -362 798 522 -153 -617 657 49 -152 -747 368 -395 509 -265 477 -997 -74 -400 621 -930
154 -867 -827 -573 143 -223 -782 116 636 332 903 -275 -363 -996 555 219 783 -255 -695 -488 -442 -278 561 -470 -870 449 -707 840 172 357 -652 -187 -642 229 307 -75 -561 -761 -738 -309 -580 677 805 4 -686 6 327 -263 -579 -887 622 516 288 -407 -489 -809 -473 -262 -351 -378 -729 -541 -303 -776 -758 -49 176 -111 -533 -66 196 -160 -268 739 -750 821 -640 472 -587 628 -143 -981 -793 258 -223 -592 566 -139 510 163 928 228 979 -238 639 -595 790 784 260 -259 -34 -25 868 -138 -43 -257 182 612 381 -153 983 -361 -397 665 -551 541 -599 498 860 407
899 336 -37 -796 838 975 -654 -654 24 -988 -278 -819 822 -261 895 156 -20 -434 -352 -393 -894 -937 -651 -516 -574 319 -584 -812 -15 -298 -533 678 542 -243 -735 -231 -20 851 638 42 510 -921 18 -876 532 667 263 -907 -41 -277 451 119 -604 -439 513 -40 -726 651 -62 423 892 827 771 304 804 -734 -651 -229 560 -401 898 -390 -56 624 103 818 968 -851 -27 747 -234 341 609 753 602 761 -226 976 566 808 -43 -305 -440 122 679 599 195 505 -802 -420 -9 -678 -304 -24 -202 -217 -966 866 499 -839 -71 -654 677 -446 -709 -246 297 740 843 769
-313 -197 833 818 954 -285 136 68 -446 -319 -689 -226 979 676 618 76 -22 715 -56 327 -349 -393 -145 264 466 -858 915 -43 535 488 285 -400 842 -525 214 -382 -851 311 -593 736 865 -584 -581 -672 -967 549 213 -358 -427 -894 -360 666 -187 -884 -841 -354 77 -115 -170 -487 39 335 42 265 338 -183 168 -150 590 -160 424 5 -713 535 -363 -961 -374 58 494 -818 -931 -80 249 -67 -889 6 127 -921 -659 739 -3 471 -62 -621 -678 800 215 -768 291 -459 250 704 -824 584 -542 662 -205 -186 -626 898 -584 -663 -81 -84 343 -290 -395 -893 901 -196
-777 -974 292 386 -956 -337 -717 189 122 917 -609 680 -179 991 -215 733 904 454 -268 236 -683 -319 -412 -52 -118 142 402 -496 514 527 648 -937 909 -363 274 876 -438 328 141 829 -962 626 224 -664 -478 135 287 -307 -957 -769 -747 -808 604 -348 889 -196 -371 193 -487 -993 183 -426 919 854 404 -317 568 846 -397 -821 437 973 -47 -495 -769 -275 -713 375 855 717 270 -806 260 -239 954 -160 775 -761 580 380 516 -806 927 84 -325 -736 834 343 67 517 815 151 -968 -101 -489 821 -627 -645 303 -72 741 870 253 -235 -240 -351 -66 -20 929 -142
212 -796 -276 550 -906 127 -757 -251 472 -830 -582 186 307 573 -356 592 970 -258 109 -95 -202 831 -529 420 -448 175 -923 797 -483 385 -583 48 220 944 784 -743 -365 978 302 -857 -914 -800 211 347 -765 895 -143 328 608 -237 265 -35 312 -606 -516 -300 646 -508 275 -439 -957 -49 822 933 -718 -883 -238 -460 -772 139 -916 562 1000 -556 -999 347 573 507 364 -394 28 -514 60 263 -548 54 -774 836 -277 192 -763 -593 -588 -1000 -49 917 -592 -67 -308 513 -774 -394 -944 300 -344 158 -668 70 72 -772 194 97 641 -336 301 701 -665 994 -392 554
-115 827 -614 -637 948 263 403 -656 -814 -204 533 -929 -447 950 455 -304 -871 -547 151 -754 -522 392 817 702 805 -559 -77 378 -676 -303 -771 712 760 -997 -461 941 283 -526 324 -427 -607 942 -895 -728 349 -984 96 -677 866 494 -672 -594 -613 780 201 -267 -898 577 51 922 350 -676 127 937 -368 585 -183 -914 -235 477 -131 13 946 -868 135 967 779 631 283 22 605 794 -859 905 -613 -642 -388 -999 -273 114 -690 -318 195 227 898 461 994 -319 -884 -214 -478 648 939 -905 -810 539 -376 -872 990 -685 -29 908 -569 -956 481 894 749 981 -404 -162
772 771 -841 994 -799 -215 -148 504 -684 -828 -693 -86 440 -242 -599 535 -31 -146 -293 -389 46 867 980 519 365 222 -611 125 -114 245 -367 207 610 -812 186 -545 -109 -2 442 733 -622 819 248 673 -851 -832 644 -718 437 506 -796 -380 690 871 -781 -826 480 511 951 -643 312 351 -863 -836 586 685 330 281 354 251 -103 844 -427 -596 120 402 549 -369 -733 388 -320 -897 381 76 345 445 -848 141 107 -725 754 254 -269 -497 -461 885 757 274 -603 -998 954 35 -819 -589 -680 -546 -691 458 966 -381 233 -164 -242 242 -872 -599 278 743 -708 -567
-292 -436 -995 328 754 669 509 -13 -133 -476 -317 -648 -688 22 -494 -832 -553 -301 -983 801 960 -60 -256 73 740 -397 -298 129 -586 -737 686 791 -948 -662 933 -422 -85 266 -397 564 -761 744 954 -491 -387 651 -653 -868 32 -372 920 -319 805 -727 -775 984 821 530 738 -68 482 -803 245 631 81 -701 592 845 865 659 422 893 -177 199 500 -219 -214 266 312 249 -490 -787 -593 -487 -130 -720 -681 -994 -158 548 515 -469 -562 -649 -716 -184 437 456 -837 434 -501 -984 918 690 963 481 587 -909 -732 367 -365 -665 71 274 696 106 -870 -419 -883 -782
288 -372 -957 840 -610 166 -386 297 792 -178 -203 696 579 858 -897 316 994 45 -549 607 144 435 -69 -417 58 40 -689 939 574 -719 -335 -216 206 163 -391 71 765 -853 675 -254 947 -572 97 644 403 980 313 400 -298 524 -411 143 -301 -228 21 -555 127 619 -417 616 568 159 630 -434 639 475 -953 -815 -654 337 -564 -562 -710 -802 221 985 -44 273 418 97 936 667 57 939 811 275 -702 487 273 -552 466 483 891 -757 -537 -601 -681 371 39 769 -107 256 -867 770 -610 -768 -706 907 -213 -265 -173 881 -719 963 -997 -884 -625 665 -868 404
-966 517 -390 298 -434 -32 -186 791 -511 807 -947 889 294 696 63 -262 -408 71 328 -189 -878 -21 942 -849 -73 -144 657 194 148 -894 -900 -509 644 100 628 463 -174 -235 311 -926 -335 -202 -925 -727 147 856 929 -252 425 415 -535 528 -832 507 -735 433 318 -813 -896 150 914 -460 757 441 790 -918 421 343 -417 -242 -937 -210 252 547 928 860 -736 -263 -889 226 809 747 -902 319 159 102 316 -364 -746 679 -768 -356 -513 -600 391 519 -283 681 -843 598 -361 725 -783 -955 578 305 -892 367 -915 255 395 -608 857 -546 -115 831 -515 -761 -552 -472
-801 913 563 -65 -947 253 -857 -924 -100 815 -89 23 -759 -353 -644 -148 -129 463 -638 868 576 373 -7 -952 976 588 671 -539 -808 952 -686 617 -344 -438 791 -862 -180 -999 552 -553 560 562 82 966 47 -54 765 232 99 282 774 498 -925 -27 -224 528 -985 -948 -755 117 -423 -541 -193 259 -996 939 974 -121 -522 280 -23 101 -35 -414 -160 -884 866 -104 -980 -94 -686 91 914 -926 818 112 -920 -230 -357 -348 -372 975 203 636 481 568 726 -18 262 466 -885 -753 8 816 516 -170 249 784 10 744 550 422 -687 -864 566 609 163 -163 -333 -883
-576 270 -170 976 936 -812 -352 -201 61 654 -925 -882 -981 344 -335 -233 164 576 693 148 -204 -815 -649 -279 958 -9 -362 -500 182 980 -532 -223 -909 110 -238 -551 104 -174 390 99 -269 613 -817 684 809 189 563 -692 96 -569 -868 -868 476 324 -754 149 104 620 -444 971 -770 -766 -407 139 -47 402 703 371 736 456 74 816 55 424 918 -871 -710 856 -678 -694 -538 473 -6 -127 -94 -57 -899 -346 -192 -983 -828 553 -709 447 -96 -931 -639 -630 769 876 -407 357 -486 228 -832 585 -280 -484 -713 -444 848 923 438 617 -266 -842 -476 -349 -464 -522
-224 -502 -787 667 -869 806 -287 -218 -727 73 827 -165 -952 92 -71 -460 -287 -411 -118 -665 -952 991 329 -991 -536 -302 -870 749 -782 100 670 855 763 -713 -78 -729 816 -122 48 -78 -403 312 421 435 -642 990 738 -552 152 895 -428 -281 -636 -636 464 -11 -94 -300 -590 -338 -753 742 -648 -171 -20 -934 -905 -644 -404 51 973 963 446 -867 -842 888 -584 298 -445 -641 66 -545 -418 -838 522 827 3 -684 -360 59 -22 814 343 -667 746 994 586 394 872 789 -599 610 409 -175 68 -417 -630 -310 394 -92 -531 -996 -416 948 -814 16 81 -24 -95 -415
-318 728 -705 820 180 -982 -971 -693 -965 261 -606 -533 401 -235 -498 936 -441 -689 -880 -411 402 726 -88 -150 736 229 -865 -897 -847 207 64 -768 71 529 -38 588 151 263 -142 -770 695 -25 -943 -499 -295 -449 -943 -448 655 951 151 408 79 983 -289 542 23 -682 754 -604 304 -476 -265 -639 439 956 -72 -75 701 74 938 -164 -508 31 25 -235 620 -934 -3 166 -625 -38 465 -217 -966 -665 530 -583 -418 778 -211 353 -540 429 -45 -340 88 209 -105 -247 786 464 835 227 -839 973 -529 -847 542 -10 -32 -856 823 -332 -289 65 420 803 -189 567
-178 -618 417 -668 110 -928 -271 -850 433 -121 -657 591 466 153 652 -158 15 -897 350 393 -676 500 -448 870 -600 -772 600 -410 -364 884 469 -442 803 -115 -510 -284 575 105 -542 -662 718 535 29 -333 -754 -634 684 -583 755 -520 55 -159 -843 -585 -875 658 -469 647 142 -922 277 977 591 590 397 805 400 503 441 -633 -302 -169 -539 -731 -916 -719 -751 321 86 376 -316 -312 982 -481 -949 721 -69 -553 -935 -620 -718 -262 -651 -131 -536 56 511 -535 -958 -955 -769 -862 -985 -878 270 -660 794 -282 -47 728 399 269 -703 -552 858 914 896 737 355 51
428 767 951 -548 -415 -627 -49 576 274 -5 -42 -557 -83 398 756 242 -874 309 -518 -831 616 135 729 -447 854 174 -337 810 -948 -935 585 -429 471 965 344 -334 671 -729 -65 531 741 184 576 577 -517 -3 -510 104 170 510 978 476 749 62 435 -184 -331 406 425 671 697 -469 -796 -782 -831 867 131 176 300 -987 312 -380 670 812 -141 347 -521 706 -176 324 -319 664 -692 -601 365 -154 -127 239 -192 -751 68 -184 6 -931 816 980 19 -776 -870 221 -444 -867 -158 -37 491 -346 -106 464 825 -473 -80 81 134 902 -971 824 -986 136 -540 -49
-917 288 -35 -914 -156 -776 133 -458 202 533 -55 898 567 -335 747 807 232 161 -367 -261 901 -232 -308 933 769 -858 817 172 797 112 -38 963 981 -642 940 61 -785 85 -808 -391 534 970 -256 706 -957 -951 328 635 171 957 17 -843 964 -249 -164 -68 -911 -810 -918 584 -55 -522 -366 599 -547 816 -839 880 -132 675 -819 416 -983 -987 222 125 -418 -209 -65 -416 -55 -507 736 755 268 84 588 -709 -996 189 597 9 -149 -778 -845 -277 -608 -654 -597 -857 -146 288 89 -405 -732 -229 629 868 410 546 519 634 650 751 233 -960 -345 -84 -223 790
-477 -41 145 248 250 567 -238 377 46 -999 -214 -928 -165 -388 64 -372 -250 489 671 -580 -988 762 3 -212 -139 875 -492 -171 -493 177 794 282 859 827 -186 -651 188 504 186 -266 508 -683 923 -925 -841 447 -839 -408 -644 -326 -835 -913 120 -706 417 -754 -341 -42 782 -931 -894 120 -490 558 629 338 -893 -865 630 606 21 -979 264 -593 70 -939 -942 -589 -386 -126 240 -639 376 797 -966 812 28 -899 399 36 934 724 820 872 -81 -23 -782 644 -102 765 -225 -234 691 -462 -671 -738 -253 515 -722 -890 -253 473 141 -766 -760 -953 391 512 297 -473
-419 -919 755 -845 408 -692 333 -136 -71 415 668 -858 -597 -584 -349 -933 -940 -4 129 37 797 -482 -618 -240 -286 216 -8 -876 -415 131 -205 -512 435 -658 115 381 259 84 561 503 -242 579 752 585 -446 374 584 171 -260 804 902 -612 -372 -748 828 765 386 691 -521 849 -940 -425 -419 309 916 778 966 -59 727 326 136 239 19 -749 -755 499 64 788 799 -495 -572 -302 467 -290 517 304 -165 738 648 989 -723 986 -846 -988 0 511 419 -162 699 -707 -687 -245 -937 202 -591 755 -311 436 -960 599 -777 -240 -411 -523 694 71 815 701 -284 840
-223 47 -892 336 -154 -535 -208 -399 366 0 -299 -203 -764 -880 -985 -503 -805 -717 763 263 -55 -196 -523 -737 410 -685 -587 -250 736 -161 687 660 -128 -936 465 -855 -719 -582 -658 -625 -809 197 572 -185 -975 -800 915 -438 726 644 -347 -255 937 272 212 91 872 640 -876 823 251 202 -383 -563 -113 487 -979 553 -313 -168 -931 -674 -574 -896 666 576 -14 -568 -926 -64 450 -836 412 559 67 622 376 -914 -433 750 165 33 -93 -363 721 -660 249 248 614 -890 174 -216 -451 -512 366 -568 798 616 579 335 351 1000 195 92 712 -694 -938 83 -865 -57
-437 154 -814 632 -878 74 764 83 -943 -485 -247 -352 969 120 -1 -113 -255 485 780 132 -876 663 970 247 397 417 -411 -106 -392 979 -716 -260 273 139 -181 -149 778 -874 -333 751 -449 915 -684 130 -140 109 195 -813 -264 -473 -661 -648 -446 418 -839 -707 -243 -849 -848 -603 398 580 -183 -525 676 483 -396 -531 -127 82 -936 183 329 -878 477 665 27 -566 591 -631 -904 28 -996 594 300 -420 -337 -487 41 -742 -23 -301 -633 810 920 -245 -315 400 -513 -44 784 483 752 -144 823 -585 176 -97 -375 -368 -585 505 204 495 -789 -60 -236 194 567 -583
245 -44 902 -844 48 401 -337 27 -466 220 545 -103 290 -21 562 16 792 -983 116 -585 685 247 867 239 124 979 -513 -628 429 -496 21 -412 -542 -105 -210 266 951 212 -167 -793 -426 -933 -891 736 31 880 -341 -312 422 -249 -17 80 428 -156 -580 -558 -964 42 961 -20 -934 -354 -742 818 268 117 421 -77 -309 607 882 257 -382 -392 -468 -849 -258 658 516 -933 -920 -525 901 -995 -391 974 184 -875 -344 629 -374 556 144 37 812 -542 420 -1 54 -103 184 351 422 -30 -61 -729 -934 -210 -771 864 893 638 -399 -226 -651 840 -402 -28 261 998
-267 -400 -822 335 724 -301 -845 -364 911 832 -555 76 -208 -887 -570 329 404 -253 -679 815 -771 -49 -408 330 601 66 -30 -148 -94 -40 -438 -856 255 -395 -636 888 436 686 912 777 -620 346 814 840 -165 -803 233 232 -762 465 -676 519 -669 -682 -186 -340 -598 979 -494 -314 -260 179 -1000 615 -185 -12 543 -519 483 -451 599 340 165 303 414 -929 258 -747 186 671 686 -259 492 541 -683 -789 438 -167 -533 -148 727 -34 -486 307 -825 -45 -610 -58 969 850 -922 -893 -462 -33 988 557 -431 345 -87 797 936 494 -620 -151 522 -899 460 722 142 -758
472 -654 -867 -891 -359 977 56 276 44 441 323 505 -355 893 -434 -677 655 -87 598 396 -367 -859 946 -571 326 -826 -318 -692 456 744 515 580 -911 886 308 159 43 937 -353 263 -506 -27 -667 957 -158 83 -658 320 -108 -991 -85 -391 199 -188 782 744 -905 -146 -36 -44 392 781 609 -750 402 -828 556 -919 -42 745 -381 -63 -731 -292 973 -551 854 -487 611 448 -716 438 476 -77 -208 547 845 595 124 266 747 -737 903 233 225 145 664 628 297 615 422 -935 -742 -374 633 861 381 -828 750 -281 -625 -760 -928 -758 -241 329 -202 807 -632 612
-591 -430 400 786 861 -299 -782 -103 -192 -227 -587 309 -693 -122 -58 801 306 396 575 -5 635 581 -423 263 781 1 46 -397 337 -796 -905 -697 -489 583 749 319 -44 387 -520 -812 -806 970 870 -660 666 -286 -813 915 478 -865 -717 854 845 416 238 -18 -480 518 -142 525 -326 -423 58 763 -979 190 958 -975 -27 970 331 962 -341 -648 -364 80 -935 45 45 -981 971 797 -794 -343 777 503 -322 915 -469 -867 150 -889 -146 -572 791 212 252 169 -261 -767 141 194 989 225 -770 27 517 -217 -84 -873 -30 369 559 -894 -991 -513 259 -13 -223 564
-883 466 -659 406 989 -842 -729 -961 -884 -23 482 297 130 566 225 -934 610 276 -889 -696 -587 472 88 -493 -175 -431 -920 329 -978 -339 -480 173 67 -80 964 180 17 75 180 -421 249 260 93 285 -542 -805 -723 -188 982 615 695 -641 -495 119 -370 -263 -604 463 544 -677 -13 -373 -826 -458 174 -330 -567 -840 97 716 -76 622 -744 -228 -98 135 203 -48 581 923 924 -131 315 -542 801 -97 -469 -56 -584 348 443 129 -136 590 442 -804 -536 -719 -725 377 229 -330 -272 263 -385 454 578 296 151 -71 914 471 -440 -364 91 -172 876 254 133 484
-65 975 -324 741 -883 273 -928 642 420 317 394 63 -66 579 969 -389 127 990 -443 121 770 823 -572 295 604 582 -828 -529 -149 355 -889 361 -532 -612 592 -566 -453 245 -486 -514 744 586 674 983 209 305 459 172 439 139 652 -670 -25 -153 -598 -220 491 750 -283 613 -67 527 654 -525 -91 240 -87 246 -586 716 -846 294 177 -546 974 151 761 -6 -193 -379 661 -256 883 -243 190 992 -1 -678 797 -962 -2 -151 -329 -869 -188 421 -595 -144 1000 -475 985 531 -962 -32 944 785 -734 534 639 904 43 331 -174 -345 912 -18 -334 -55 -793 972
509 533 725 702 -939 -814 738 -872 624 651 -848 779 582 866 -232 997 629 -274 601 -462 115 -18 744 -245 -52 348 -651 642 785 -238 717 -192 -865 86 -240 284 769 -639 794 427 0 -387 -143 -226 537 311 -760 232 39 -131 -55 545 -848 -445 699 289 647 -733 -622 62 401 -173 726 -635 28 796 303 834 689 -311 219 -293 -894 -13 191 -127 -731 -264 -206 52 189 -413 -542 -258 118 -780 565 481 -621 981 -433 -712 220 -373 79 502 -773 75 556 5 748 338 191 -196 -763 740 -599 890 -223 -778 44 817 -142 215 -190 -158 -726 -441 -771 30
-240 978 67 -771 -355 -482 397 187 -951 -909 -423 542 993 -194 -325 -893 -864 -198 -653 408 649 428 -933 817 -918 -809 802 983 787 -860 40 -737 1000 -373 10 220 -887 128 204 -650 316 727 775 834 299 -131 392 -388 -137 -142 673 -315 -56 -378 512 475 -505 421 767 215 142 553 -240 -553 -214 -116 -152 -334 312 224 -547 542 -179 636 954 525 342 932 882 920 688 -887 0 799 303 -633 248 771 415 -205 60 -973 -629 996 344 -69 -269 -967 -906 721 677 476 90 -505 499 -196 -550 659 -383 428 -748 -998 117 240 -169 -886 654 147 726 516
54 -786 758 -318 -839 764 -806 375 875 -689 331 -188 10 -962 -557 -38 -642 413 349 -302 -679 90 -419 -713 191 -691 -943 439 347 609 106 -743 -946 68 -976 373 -682 375 -172 -803 -62 -646 396 -41 364 155 -64 -694 959 -452 -680 -354 133 776 116 410 999 -353 622 700 -212 513 652 731 -441 636 -419 -14 762 -825 473 114 -557 311 969 -297 -229 747 -1 919 859 228 -367 -731 -308 145 -242 653 -338 -600 11 -188 615 -320 327 304 -995 -148 89 -844 -812 98 -36 -131 -230 -500 476 -40 537 715 665 729 707 466 -611 -967 887 674 -178 -702
678 -296 276 -637 605 422 -100 633 -621 842 -690 901 -494 -360 -327 625 -555 -799 -586 -379 908 -299 -102 707 -806 675 541 -220 -314 -368 71 -224 -545 805 166 -177 382 -700 -699 794 35 194 106 104 -754 -436 -306 -167 -632 -286 610 -401 -939 744 668 -975 880 314 -291 -962 402 -879 -460 894 -57 832 724 161 650 731 630 -491 -671 -186 437 -592 965 -732 959 228 -644 -732 -29 748 224 665 -618 -828 418 577 -145 -734 25 54 828 -832 -354 -792 -399 -625 353 880 15 439 578 -634 -263 -775 500 235 -190 -607 707 -755 -452 826 396 592 -356 -900
467 -655 486 375 918 -118 873 -12 -874 104 -415 -164 -412 927 -423 -61 -415 -927 -383 955 -462 -253 541 916 9 231 164 404 -643 341 -223 -397 -839 192 585 760 -141 -389 261 31 -95 -135 -453 -218 408 -586 770 404 -826 -748 546 18 -781 789 398 11 -601 592 -648 -17 -683 -918 960 985 498 977 -820 909 -688 464 321 -449 876 254 -378 260 -975 -155 708 604 -549 273 633 773 626 403 118 236 -498 195 103 303 562 711 -619 730 482 -237 -22 -418 278 770 -845 -691 -997 -879 -86 357 244 -260 -233 -986 -469 -248 -952 -783 681 -20 445 320
387 351 -541 982 -75 -675 -186 -956 613 84 750 586 -183 535 -413 886 -110 917 -149 768 -395 -797 929 -697 177 10 959 985 -95 -563 4 515 24 -443 180 935 -227 349 -352 -85 196 474 -341 -390 213 403 408 43 -866 985 313 405 -180 -704 758 -194 191 -771 324 810 -934 915 999 -425 243 309 -82 -325 -670 -402 -479 -805 897 -836 -671 -375 471 -21 -425 -202 390 197 326 -25 -3 -970 -309 112 -693 966 968 766 911 -184 -734 -607 -320 952 52 95 304 635 553 713 411 -219 -826 676 552 -608 811 -340 -909 -240 87 -810 -451 -796 -43 -406
679 -690 37 283 -282 -140 -158 391 688 -765 -116 -93 646 235 -181 -143 523 360 507 570 54 614 20 -777 -428 565 -222 518 735 -486 -328 257 23 363 483 -584 -101 170 753 -928 -376 864 799 1000 -691 -906 -988 -76 -959 -521 -841 -825 -133 -444 964 696 617 327 -421 713 355 862 854 -428 -225 -445 -239 169 783 635 -728 -906 -721 -276 -566 -359 -897 684 -627 403 632 898 -796 765 549 285 -441 924 -584 -126 453 109 418 -729 -525 -225 -35 -819 -877 -132 -163 630 -499 -183 -638 300 -831 106 -278 640 -225 553 -776 -344 563 336 191 -650 826 364
-364 508 895 -639 -724 878 -875 55 -315 746 350 -848 434 23 690 642 -809 -555 665 473 -550 355 747 930 876 -297 -891 -922 27 -967 765 127 -875 351 -782 785 625 -719 -84 -591 471 -385 76 -50 618 -580 722 938 -409 805 587 193 -938 94 232 -890 389 296 -771 -260 806 -355 -818 -5 -647 512 424 -774 376 901 218 -239 -182 784 -400 954 323 739 830 -74 285 788 -878 366 -49 -742 -530 985 533 685 -756 -912 -853 310 640 -916 397 904 41 798 999 -875 660 943 597 499 596 -585 41 -816 131 -41 -500 -684 -85 -830 -532 524 120 8
-810 -226 813 893 -507 5 136 965 -87 -850 -50 -475 -192 868 44 -755 302 988 477 620 487 -116 620 -391 599 -426 718 -456 -407 -148 -161 -851 -934 788 -708 -293 -214 -456 348 -117 -268 -539 415 687 -151 377 -928 -142 -876 234 59 -611 -750 973 159 529 293 -297 339 -572 954 987 -225 -929 294 790 69 497 657 65 -953 -665 -342 -720 -915 354 903 -335 -651 534 -951 901 -87 -671 -467 -880 611 166 -821 374 -117 -662 572 -897 -906 -553 -336 588 475 -578 107 -337 -440 230 93 28 -830 -379 -19 -867 98 665 -628 131 468 513 -178 450 -294 -634
1 117 -939 -616 -905 -276 -966 -677 535 417 325 -237 -763 467 109 -585 -409 847 746 -998 160 -341 832 -866 -659 300 397 -642 515 -737 -9 -260 -66 691 -541 -604 -289 209 179 -869 257 -53 543 580 788 85 -416 426 -649 218 -739 -233 355 -884 -147 782 257 -231 -902 -552 628 222 -281 945 428 -742 -224 389 -101 191 695 351 -723 986 -378 284 632 -680 -498 644 -313 282 -150 225 609 394 332 790 374 663 -874 -626 -432 -504 -747 -861 -477 927 91 -637 -209 262 721 -973 867 457 -109 625 544 -875 19 -260 579 -197 776 163 -163 306 -957 -580
-38 55 -106 709 -483 464 -125 275 393 -501 251 398 869 -932 -967 540 421 440 310 350 -866 -258 820 817 54 -964 124 28 -88 -818 -628 148 -180 -160 -858 801 360 -333 754 -638 -809 -409 154 -748 755 535 18 -585 745 525 -429 590 501 -388 214 531 801 653 -187 882 553 909 -974 445 777 747 793 225 -908 772 17 -284 -659 -208 421 688 -692 750 923 505 -614 983 -967 -912 835 966 179 226 161 432 548 666 63 371 476 -297 183 -29 -59 61 793 238 -462 801 -439 -496 -869 -489 363 474 234 -305 821 349 -666 523 -658 508 -271 -758
-704 802 75 -739 768 -378 47 -371 -956 -639 184 352 -20 -982 -827 -244 507 269 683 -4 394 -104 606 -12 -636 -269 205 -930 680 -994 -318 761 330 -343 -769 283 -368 -54 311 -770 401 -866 436 -188 651 316 939 -623 683 -96 -410 -171 -548 -749 703 180 -579 917 111 -585 -695 -800 863 845 -28 676 -359 955 -627 -810 -464 894 954 726 -822 504 377 1000 241 -388 -651 -85 -468 152 -470 -623 306 652 668 -749 965 992 -642 105 875 -80 -261 -885 959 10 -873 -657 -491 -302 646 -892 125 -30 -400 5 -180 -976 633 -19 484 -139 71 651 -161 608
-517 -689 675 -596 -25 312 -228 -895 711 -131 68 -739 -91 -63 266 943 -627 695 -416 205 301 -58 -304 370 -460 396 988 -195 -84 626 244 234 -804 476 -756 -798 -136 -579 923 -864 -734 349 -715 283 -844 -493 -757 -648 133 -947 -802 772 -48 -48 282 -689 -793 264 975 471 560 386 -318 -491 448 -817 -970 -580 -107 796 8 -138 170 963 614 876 849 126 75 -3 284 25 495 938 786 701 337 -619 557 885 -763 -807 813 -412 757 -725 -847 969 632 206 33 530 -686 146 354 -497 302 -388 16 -135 350 840 -711 -972 246 331 694 -705 331 235
-641 -883 -193 -11 669 -921 -30 -784 -903 703 949 -869 -428 -318 578 -51 -986 598 -638 -927 -873 -464 -647 218 856 595 747 694 88 -424 -359 730 -137 931 -653 720 -864 -114 655 -157 -151 -21 -215 -656 -588 -975 -653 969 201 -86 820 927 241 777 891 630 304 -598 654 -797 -854 110 885 -27 -644 -497 -775 -815 3 504 991 180 859 961 -926 -140 -860 585 -595 -237 206 -232 943 205 -316 539 -332 -860 -977 -952 439 1000 -990 369 824 496 -200 567 930 54 724 534 -323 -624 -861 -499 -293 91 187 -920 538 574 531 -369 757 -651 -507 -445 414 829
299 592 673 -657 -880 607 -189 -37 137 667 -308 -151 -753 604 673 800 274 633 -737 754 720 -970 -473 -161 -782 667 -835 -515 85 775 698 343 -173 -814 -695 -960 189 -400 -873 661 363 563 972 -339 -758 -228 883 -526 0 -141 289 -97 307 -382 -938 775 891 927 -481 270 368 -726 -535 670 -264 99 234 -357 -543 987 568 -998 -606 194 673 652 -695 448 -215 -905 -804 141 124 -398 -162 -151 793 -668 877 -55 -866 127 -372 -442 841 67 202 -941 -814 -714 651 262 573 -287 183 280 -473 -805 883 879 549 -946 374 -343 642 513 -109 -927 523 -808
234 281 -135 -906 -346 713 -525 -645 657 56 225 -30 345 478 -153 805 -770 161 -414 -557 -860 -677 -512 783 424 500 772 665 -56 304 631 985 -150 -979 927 -15 357 -408 -187 -569 -40 -763 -847 566 484 -951 -567 -857 -766 720 -230 -705 629 88 -693 -762 -997 64 852 -762 -529 160 -325 164 464 -508 214 -481 288 181 -73 -810 601 -940 71 908 -688 -482 -572 559 776 951 -824 88 -23 821 -743 -604 -818 221 529 -914 771 -259 79 892 -796 -155 -179 -388 507 -596 -49 -318 -607 917 662 -873 -131 191 720 336 409 -447 -56 532 -297 -637 -179 974
644 842 -886 871 655 -465 -65 -758 726 -926 -658 35 -584 -421 -725 139 906 127 -79 -482 -279 112 -416 -663 -652 241 547 708 -397 746 -250 -256 -535 165 -851 -847 -12 630 -831 -973 406 -620 -666 181 -666 6 360 693 -918 592 -270 935 954 -699 -409 772 127 852 125 -5 -507 436 -816 -964 279 900 -766 841 320 619 -908 525 830 995 4 -376 577 438 -994 842 -290 431 997 495 -960 192 822 750 -619 696 592 976 -294 779 345 884 -186 516 -338 583 -408 -25 663 787 -905 -554 776 43 467 -600 528 -839 -363 -686 -578 -109 209 -992 794 680
625 -259 740 418 390 -586 -85 680 418 251 -38 -436 -93 12 -410 -241 -806 -359 -767 731 842 -676 -354 488 -394 -389 -727 886 301 73 838 -817 726 -753 94 -316 -945 617 739 983 -927 -869 369 -865 -220 210 221 -681 -163 -275 466 -851 -347 -733 997 -697 -722 -883 -961 956 906 400 929 221 -346 -495 -213 -385 -922 -168 511 913 -769 -912 -154 -675 -311 720 685 -627 -685 940 -714 267 968 -942 -700 143 698 -398 292 211 590 -382 534 12 -960 363 263 901 -187 227 -315 -167 -242 136 620 913 278 467 -764 954 836 720 374 -580 -849 380 -992 50
44 -882 315 -132 -255 -422 -468 655 -74 327 950 -481 -894 -729 374 -40 -71 64 311 -114 140 586 414 -3 -907 724 -593 -199 -418 282 103 262 -150 -656 916 298 827 10 -230 -459 228 -301 300 -963 907 841 -235 180 -954 850 -46 376 266 168 -249 -937 -242 -657 -642 483 -785 223 282 -794 56 -403 -242 314 -662 -295 269 347 -517 966 778 -145 -529 -988 -823 540 352 55 616 -263 424 -717 -606 -216 156 -459 -531 -145 -575 878 781 -987 310 688 -303 511 65 -926 905 624 605 -119 -764 138 795 621 -797 -175 292 122 -861 -27 -779 -335 -320 364
179 -957 -305 -279 364 364 -119 790 -789 122 801 961 -520 -51 48 -428 -890 -518 388 -546 70 -467 -893 -210 -244 -748 325 76 -95 -281 -945 -838 -483 209 -537 906 -997 994 247 -560 -950 995 509 795 -383 884 172 -201 -231 -726 835 638 220 366 -297 -210 -79 -751 -336 866 -710 838 332 264 322 -796 266 -953 809 915 972 129 63 993 -425 169 194 490 -263 540 510 -489 -467 -531 -934 898 -387 156 784 -453 307 -705 -177 -71 -289 -610 -429 756 380 -872 407 -882 -272 -809 -196 -948 -253 659 135 -717 280 377 48 -821 237 -358 464 -887 -176 322
-926 -54 467 -679 -629 794 -413 2 -158 317 480 -955 -755 -283 462 -783 -460 -303 878 811 -204 -235 872 756 492 891 -496 -805 785 -74 -76 -614 494 114 -908 -131 -773 -553 756 826 -36 766 775 226 -904 705 -629 -664 -846 4 -786 682 -667 -202 731 -72 -196 485 -938 316 -686 963 784 108 -196 291 679 499 -622 422 -142 -643 662 -145 -48 962 614 96 446 -119 416 -201 294 -487 355 -162 -502 -142 -182 121 -110 192 266 -249 -351 -144 923 -940 -223 -956 787 308 -450 534 446 584 -631 922 182 97 496 -455 723 774 421 955 58 -48 619 -989
-411 -235 -802 -873 533 -424 -964 252 558 -924 -733 -368 -604 -128 -836 708 -37 55 263 941 271 648 -938 780 -517 962 732 394 708 -399 408 278 413 617 159 -340 472 286 -476 -907 -294 -533 -725 828 905 -359 486 -527 -944 -854 -969 412 -277 168 -103 -386 753 114 626 -146 105 -480 -986 580 833 93 870 -797 -469 545 -478 -949 -842 41 487 561 -711 819 75 -995 -872 967 -243 -51 858 -500 -683 806 848 28 775 -771 -812 545 -988 682 -24 186 620 722 122 -41 131 -962 848 -419 588 -804 -742 -999 54 574 -975 513 298 466 -147 406 -519 39
-172 831 766 825 -422 -638 282 -21 -853 -15 885 614 193 -327 84 -987 864 -234 -383 -441 313 -232 -566 802 -120 -555 -752 223 -11 -47 -146 -238 407 -52 474 249 857 469 201 376 343 -348 -988 514 -368 -16 -359 -380 644 955 -634 187 524 -468 -434 -95 847 -434 -889 -793 -825 -389 788 -693 327 985 3 379 -474 259 638 105 203 728 -646 -581 295 810 -742 -743 462 357 -647 -377 -976 410 -418 -658 640 104 896 -479 -67 -83 362 572 -745 723 761 -625 -565 -733 -529 144 -526 396 -755 54 934 9 -152 -65 -725 -309 -528 457 -986 -802 347 888
7 246 -50 -648 564 -983 667 -349 516 -779 878 -280 555 135 -476 -151 -736 -16 -657 -717 347 354 -950 716 -554 -425 -719 -389 117 -416 643 -147 -220 -676 241 937 -17 -66 827 658 616 668 -664 -926 -988 -159 -918 -366 898 306 -925 -572 555 -890 892 -214 -957 102 517 765 -94 -48 135 499 748 18 456 10 923 3 -286 -207 470 -913 739 -780 -832 938 182 -163 994 -799 -473 33 263 -463 -18 522 497 -309 635 262 -966 -154 -319 -684 861 -290 668 -302 28 -30 790 -170 761 -500 21 426 275 -477 -829 581 788 777 505 954 -246 -97 -50 121
492 951 -493 665 821 -487 821 -432 -996 609 929 -502 255 -484 173 -359 785 -225 273 886 -125 -635 -678 5 793 -494 -196 2 15 -807 -470 256 199 85 -178 -641 -440 -318 300 -247 -350 478 164 890 339 -762 115 -614 668 -463 761 -199 373 -115 -943 -207 756 346 650 675 -721 449 -851 -511 249 526 382 -439 365 619 -216 218 -278 -398 -321 994 -876 415 376 858 658 77 669 363 -891 545 722 -959 275 681 509 857 851 580 -756 -118 -922 -524 -729 931 -2 440 -677 -637 292 428 450 -986 880 950 818 -480 -440 652 -992 -907 -25 -109 -686 -981
