138 -861 788 676 693 -836 40 792 845 706 -833 -511 -106 118 -527 -307 -783 -965 -849 -797 917 -509 923 890 -788 297 -953 -904 167 616 -818 -102 521 -810 -498 -661 271 -68 -521 -302 902 -464 -389 281 -511 -172 904 664 606 432 144 411 -519 848 8 -885 19 228 147 -924 -356 -631 -782 -526 734 219 -148 692 -342 -802 574 12 -315 656 362 876 554 -528 77 626 508 -776 332 120 293 580 697 -43 -543 -290 976 -941 -869 969 -124 619 -623 -51 -530 116 768 -253 -147 832 978 -958 -516 633 943 -281 -675 -577 -760 203 669 -513 418 -435 982 804
-983 530 876 -452 -635 -291 -624 299 559 -662 138 -912 429 -441 -596 -463 864 691 542 -87 -69 -323 99 -875 956 -448 753 321 748 -425 -422 121 935 -160 -267 -906 512 -608 164 -683 46 -727 -486 -944 49 947 -409 430 -278 -510 -176 -765 -74 -200 -770 129 394 889 483 946 -455 -132 -225 -371 -654 -54 -940 189 452 -6 142 -892 390 -677 -27 31 299 578 -867 803 -549 -501 209 279 -279 -389 228 136 433 714 54 154 -75 275 762 -4 191 -108 995 153 -791 623 365 421 749 -635 -702 598 -583 -801 -256 -362 -442 103 -874 -678 422 -272 291 225
383 -626 252 -199 -859 789 141 236 558 397 875 856 -660 457 -714 984 646 -247 461 -542 -62 134 -803 826 -630 -601 -40 -172 481 571 -48 -69 -326 -456 727 534 869 509 -1 103 -678 -467 619 429 -538 698 -201 1 -732 437 -223 352 -301 -307 -326 252 904 -887 632 -86 336 -951 -163 909 -33 976 -561 942 692 -570 -786 670 -697 -662 217 -231 933 807 -103 740 424 48 351 928 553 -240 -590 863 -623 398 447 -226 -961 -954 -568 799 -364 -651 -111 -298 479 391 261 -862 -893 450 397 288 917 -118 -988 254 -465 -186 738 964 -358 -591 717 429
597 410 14 795 60 660 802 299 609 -259 805 698 849 800 142 908 541 218 -977 -496 796 -778 699 -32 74 328 525 584 -657 -163 837 -770 725 -662 536 543 856 392 -516 186 -853 58 -392 -129 -261 519 693 889 59 651 486 -472 903 578 -932 -126 -803 -229 -992 294 -465 977 -588 -303 369 926 543 416 -374 -213 871 250 496 306 -773 -155 626 -554 -363 721 102 -616 602 339 -843 840 409 344 743 742 -141 -975 -302 -521 238 359 -769 -173 -33 272 -979 725 -396 320 -252 555 -851 -990 -997 -746 162 -398 -991 -203 -410 120 -392 687 665 48
-945 -32 450 -454 -347 796 172 -931 -705 820 -81 -636 431 735 -244 755 -134 402 -826 -179 525 -917 240 824 116 276 509 904 -816 -986 -952 -241 -655 430 -49 -768 -353 100 -57 -832 -882 434 327 -776 -301 973 434 -593 505 -489 830 406 -159 550 544 389 -698 -603 -975 -581 -65 67 -90 955 -90 -716 971 727 -82 99 -560 -533 -658 624 16 533 -13 295 -36 716 -354 640 -818 499 656 859 -630 -623 418 -889 437 649 386 -839 60 250 603 895 522 108 -850 716 543 948 -636 64 -617 527 -117 551 -197 709 509 -411 -822 146 -931 764 -897 -685
360 -506 -531 174 -690 -567 897 -559 6 72 29 13 555 -669 642 255 430 -337 687 657 -223 253 -738 368 -164 -634 -459 33 939 -747 -961 632 670 -865 -198 414 631 13 -491 407 -191 463 -289 585 -332 929 -836 245 -163 -774 927 124 291 -519 799 -129 25 923 16 396 -53 415 -306 -383 331 117 -599 -714 -238 103 -695 -821 -334 -422 495 231 774 633 23 204 -519 -812 -987 34 -577 -748 94 324 -625 -261 197 -722 961 -986 44 -799 -513 -828 -763 -168 693 9 -733 -34 -278 665 774 -527 -689 421 -835 907 63 764 -978 123 184 -651 -689 558
-966 447 -749 687 -224 259 -246 638 595 156 -225 330 759 -324 -677 999 -415 -307 714 629 -625 -166 -493 621 490 843 909 81 -742 -73 -827 -251 -262 -145 -627 143 293 126 23 -33 -833 176 913 -307 -879 311 82 744 -492 -398 -350 205 438 -761 -826 -541 -608 80 -457 -679 71 -62 -406 -37 -701 -598 -375 -494 -819 -25 274 678 654 -557 -878 -176 734 187 503 186 -433 -641 642 292 673 148 -790 381 330 -464 -927 271 167 989 26 -918 -29 -265 -713 -483 766 262 -736 -88 -632 886 -67 790 -865 -212 189 884 847 -412 -986 -385 -851 425 573 -974
-321 -815 860 -881 657 -909 -59 -271 462 -161 67 682 -689 143 -338 357 937 244 476 -220 740 -390 399 758 -847 -7 -581 -579 726 428 -104 -377 -588 -994 -412 551 -831 431 487 -317 -982 -768 -437 -756 -584 850 -343 244 -713 -172 -264 -135 640 -140 490 271 146 -408 54 -789 -74 -618 666 21 -202 527 -614 -27 -462 636 -43 680 729 981 -154 370 137 44 -682 -189 -843 -284 -945 772 301 909 -746 -368 723 -685 -12 608 -949 -96 -820 361 -799 -468 -503 -70 453 665 -659 509 -353 -924 -475 -904 349 -414 885 -848 977 307 217 522 722 -905 948 -491
665 -543 415 665 -474 -776 -17 613 -328 -817 -391 -790 -954 -65 -216 -207 -240 936 510 -231 16 184 -688 -536 -95 504 -251 488 -938 448 195 854 -27 762 -77 717 154 -475 779 791 575 -749 334 -456 -807 790 35 -359 -89 -963 -424 -548 863 667 -873 842 98 506 -158 243 788 -945 -158 -493 35 781 86 -625 -695 -625 -342 746 394 -213 -121 -430 -469 406 -516 482 734 723 574 -163 377 407 377 379 -984 635 -218 383 -741 -857 -647 -969 -946 -847 276 -88 -876 109 -91 -719 292 -583 730 420 -763 -332 950 607 -427 530 858 -886 -494 -689 261 508
922 -730 862 -66 193 -523 -205 153 -872 -594 -411 342 394 -947 -595 823 729 834 785 873 -936 194 990 -302 478 622 -780 348 -174 -285 680 360 714 641 517 -671 -1 567 956 790 -120 -853 734 -739 137 -939 -16 365 35 606 381 -424 -756 -54 -281 394 -879 -914 292 433 713 -930 868 772 364 434 826 763 4 440 -144 -219 -111 -131 240 326 -684 -775 518 -702 -463 -951 151 578 -329 280 -515 781 281 -764 -475 -166 635 -650 502 -520 -643 -389 766 765 -84 -834 -555 -822 -697 891 124 387 -744 624 -384 -505 859 -691 -697 -427 -392 -28 161 800
365 90 -668 742 807 835 -224 -217 -514 -565 -423 418 -518 196 759 -415 -373 -81 -421 697 -431 978 -455 94 329 -193 820 475 47 714 623 -841 375 976 755 926 858 333 402 28 597 449 -909 -94 248 -295 -13 -488 -379 -740 510 190 -29 -392 550 158 348 976 -977 85 -457 894 -813 -847 -746 -219 53 -487 -581 623 801 -656 -108 683 -550 -231 866 -378 551 123 830 847 -149 -706 881 483 -328 349 -384 314 647 -889 458 511 884 -791 37 -409 -697 -468 -410 -329 872 537 829 577 916 75 171 -846 100 844 -308 -823 -728 133 674 -862 -841 358
376 658 -251 -254 -675 434 451 219 -56 -492 -793 740 256 73 705 -565 771 -943 -586 -740 -527 -712 -25 869 -503 864 -539 -561 371 341 819 -802 -328 215 -120 910 516 -335 -527 -239 -506 -66 -702 -81 184 -223 755 -119 -342 754 -850 25 509 508 272 -920 319 168 -260 -741 581 -986 -431 130 -35 995 -326 -850 -697 863 -484 -889 -668 -525 -473 912 924 590 321 558 697 -168 -387 620 -75 -789 -736 153 -922 747 620 -837 743 692 731 292 270 -702 -813 259 430 -231 -110 -347 -272 -555 462 -457 109 445 -313 49 76 309 -184 -830 581 512 740 -828
87 892 176 -735 -767 -200 965 145 187 -595 -808 -637 -430 -327 -548 15 -140 538 408 -197 932 -238 -404 261 36 984 669 756 227 -249 991 -76 156 -654 -828 159 -54 740 137 259 -117 510 177 755 635 340 -719 655 847 567 -408 248 -206 715 638 -477 -539 659 181 -328 40 -966 758 -36 526 -400 -290 366 775 977 -865 461 754 -669 851 619 -879 789 658 -500 539 315 -450 -852 -263 -838 -190 881 -399 571 914 199 78 961 471 569 930 -559 384 774 -384 756 347 -846 -895 -36 -570 249 -654 -75 310 -724 -402 681 416 -16 -280 350 363 216
565 -896 -952 -767 880 -972 -230 842 204 -406 -279 48 574 625 -744 -79 -949 409 819 392 -274 -616 901 179 -178 45 -967 -696 685 -858 -77 -522 -173 529 428 -412 -139 491 142 -277 575 907 985 -270 -237 -446 -621 -19 626 -725 -98 583 169 -813 -814 -655 887 -106 -622 169 -892 -557 351 523 -519 549 -924 246 -594 875 -539 -502 31 203 697 -81 -9 568 733 -899 432 69 -251 132 12 158 -433 -685 -47 -53 -814 347 -154 627 557 202 186 -304 -9 -69 -48 -532 503 600 -479 956 944 174 -608 -21 -795 897 -951 297 -324 -45 -403 -355 737 -674
-628 941 -714 -140 -79 155 -554 -314 586 -571 986 252 691 -43 172 289 664 477 414 -699 869 303 734 149 -135 261 -479 51 -50 -973 -933 -422 387 936 -427 -12 -636 -860 -428 209 -817 -760 189 986 229 61 -696 -894 -969 688 395 13 679 -811 -382 -555 -989 -718 115 230 349 325 935 837 -308 438 -697 362 -573 -897 -541 510 461 800 439 -188 359 822 725 -643 -105 -796 328 -305 105 307 930 961 -837 -140 -179 343 946 -926 167 -728 -207 45 -740 632 741 198 -53 -815 -215 813 -841 609 -71 344 61 -967 740 -813 -464 -628 445 658 -198 336
-171 988 -476 300 917 772 130 801 963 223 439 -245 -102 -116 692 -756 -985 -572 -382 -68 -523 -248 78 -751 -9 783 847 -832 331 -43 -501 -938 440 -502 -680 -564 -948 -685 -814 -468 257 -742 668 329 430 -600 -270 407 -410 -566 -380 -1000 738 -499 196 -374 728 541 548 -72 -141 -13 688 -940 -490 823 506 -954 820 971 -562 406 790 -347 85 -740 911 75 978 920 455 -256 677 63 -628 655 473 -771 -295 526 -283 -364 129 288 -736 -76 -148 247 239 88 -237 109 529 249 868 -361 -22 402 721 611 309 157 -234 161 647 702 -782 577 672 -497
662 748 -402 104 789 958 131 -519 885 166 55 177 -471 -579 -234 211 -513 -666 914 -748 140 954 600 -291 184 660 700 -12 -320 196 -983 -127 495 -82 -422 -961 611 725 86 -67 -103 -672 -808 676 976 -432 -449 -923 -52 367 62 943 629 697 -393 898 844 876 -250 -254 -511 552 -395 -468 276 -623 99 -503 -35 736 -624 -802 103 437 -652 -979 -109 -39 -54 -805 614 316 677 -526 784 728 -153 913 263 -875 633 -565 952 868 -944 802 -25 801 -617 723 -905 -281 468 -253 -541 -977 881 592 -695 -802 137 -124 450 -863 856 -4 -11 648 -986 -47
-347 141 -155 669 126 -233 712 363 629 -935 767 424 889 -893 -882 -760 210 609 -424 -314 627 -307 835 107 883 612 509 -929 -214 875 -598 186 -44 543 637 -244 -729 -25 -840 -614 -867 -494 285 171 -634 -692 -813 381 -183 852 -282 -710 301 -300 -780 -930 -697 801 900 -152 617 -354 499 -8 13 10 43 266 -810 254 -443 989 171 -788 394 276 835 224 216 921 7 -107 -983 143 315 177 336 -955 20 210 517 -321 222 -95 463 -707 9 4 -396 836 -491 897 823 -477 834 -237 -87 91 757 467 455 497 -257 816 -520 793 333 -63 233 -83
-152 61 930 -705 -433 -626 475 -453 443 100 10 586 -998 223 -865 -963 -766 852 -406 -41 -242 -642 98 270 -490 613 -988 -214 649 234 541 85 -104 -669 -616 -157 135 -423 406 541 134 138 -86 464 981 -268 -122 -842 -681 691 349 368 406 571 -192 -600 -86 512 -956 -19 -534 752 -588 790 955 636 808 696 316 -466 -115 806 136 316 651 105 883 432 173 104 -13 -683 -365 645 361 354 -423 956 -123 911 856 545 -280 580 109 -299 954 -762 -565 -740 33 770 378 754 193 881 971 -550 303 951 828 -51 629 -99 861 451 91 890 258 317
-729 279 -512 175 -471 785 415 114 -413 955 229 914 -680 -276 261 278 -486 703 21 -876 -330 -852 -24 -864 31 385 704 -276 -942 -17 -973 294 -349 639 -521 -408 -916 214 375 439 -696 451 959 -172 -548 432 -753 881 390 57 704 -535 346 -989 369 -33 558 494 -5 -476 474 -415 -250 178 -349 -528 969 -119 467 -147 -986 187 338 69 -298 -645 439 664 14 -548 -516 369 545 182 761 592 -654 -6 -976 -297 -839 854 140 -897 -378 368 218 61 0 473 -75 874 -427 -838 499 -356 640 236 -792 -858 633 -768 189 -905 -164 -900 -91 -459 285 -349
-372 994 -512 -450 216 -634 -900 201 295 -432 513 -875 188 -528 630 -956 -767 219 -527 302 27 -95 -414 -167 865 628 8 709 -504 180 -59 201 -908 -979 925 -641 -630 921 42 -513 719 89 -181 -266 -606 -207 296 256 -200 254 166 -648 298 -591 -905 -384 -171 676 -174 921 391 -371 435 -980 -517 582 437 -724 257 559 352 599 -114 -892 718 759 -103 -375 337 -517 -16 -39 -787 535 -669 287 -969 -192 -549 -876 -189 -331 -523 -122 -543 166 -338 -812 951 -662 -235 848 -133 962 -910 566 645 -562 -586 -578 -841 -767 955 816 -376 -273 333 745 982 120
726 -270 -608 -288 -490 328 343 -984 -148 449 -624 -326 -30 925 -303 429 285 440 735 -592 770 -281 935 -496 376 807 -903 472 677 -9 -896 386 -752 -463 -764 750 978 -880 433 522 -194 -755 -588 435 -912 959 -218 -733 -242 537 988 656 967 455 653 -61 822 -336 419 676 553 -265 -843 277 -839 783 -741 -698 276 329 -369 -866 -529 499 809 -128 830 531 -758 -378 993 -461 -935 -656 -444 743 612 -234 637 599 -195 -950 476 -926 566 651 -955 -177 -532 560 -351 -847 657 -469 -812 -195 493 -952 -819 -892 -56 -427 6 832 66 835 346 -216 415 616
-343 -792 -116 -423 87 -796 -615 15 205 991 480 219 -917 -555 599 790 -824 -568 346 654 899 -372 -679 745 326 -458 167 146 836 548 562 524 529 -626 513 -748 812 -836 384 -541 75 138 -154 -725 338 180 -683 715 107 -522 -7 87 -120 879 -577 946 -337 -390 -588 642 -407 -181 -437 747 866 -333 -687 -90 -278 336 -946 -762 428 377 600 -627 -373 -337 -810 -689 -951 -514 989 221 -775 -423 -122 -604 -975 -855 -953 -42 -565 981 -993 -729 760 782 656 330 -66 -388 -592 200 144 -562 -632 -490 390 -770 415 572 -600 458 292 375 566 971 971 -595
-668 919 985 -31 548 -974 587 694 -671 -20 831 964 408 311 -34 116 623 726 461 283 474 741 664 151 -809 315 62 536 282 169 -857 -114 20 106 72 -736 220 -900 327 468 125 -886 -686 -631 -407 -199 672 -815 -554 -717 -18 919 938 758 522 642 -278 42 -784 246 -733 -38 -102 -851 945 -565 -765 412 504 787 -676 -880 898 765 -592 386 561 455 -914 -681 852 191 365 683 -806 -768 874 81 938 834 -166 -60 20 573 -422 -662 625 822 389 -301 -581 340 -762 -688 -728 381 -3 679 -74 774 -143 -382 -253 177 -344 -320 239 -64 37 -731
-565 483 -81 -343 -81 668 743 323 522 291 298 -945 -211 -199 35 -105 -377 -910 -772 -480 981 493 651 713 -628 920 -431 523 -902 275 -839 -109 -898 481 489 -101 392 -350 475 934 -835 801 793 -572 -877 409 306 910 628 308 878 -467 9 -427 -897 -804 -242 -159 927 -159 577 -51 -801 654 584 71 943 -935 433 501 -500 244 966 -507 112 915 330 -597 -79 -621 263 567 -634 -930 947 -122 773 -167 430 -223 248 -850 -650 -59 -686 341 -113 -551 -939 -301 804 242 -967 526 453 -656 45 -499 830 370 -292 141 -198 585 157 149 848 862 -244 -961
-892 -523 -942 435 301 -362 726 -11 482 -501 -307 359 24 -868 -784 294 628 86 182 -796 -853 -531 -212 -467 -672 -866 -258 -776 429 -400 -931 -932 -845 561 930 569 -137 -123 329 830 624 276 899 -96 -944 631 -453 399 606 -803 -826 655 355 874 387 771 453 -793 -683 586 -272 701 640 735 -805 894 791 -29 -506 218 126 -383 156 555 267 284 -572 -10 -402 -753 440 -44 446 940 -975 -862 527 -494 129 796 116 -3 -130 -279 51 260 554 172 -841 -128 164 30 -180 -485 -41 -917 240 -508 -517 -983 941 -298 794 870 359 -251 156 119 -810 -341
-378 -680 -87 -579 70 872 558 127 923 -973 467 3 599 127 -859 -966 -371 -798 -506 551 -853 -556 615 304 -655 223 -733 -109 335 94 -374 -430 663 219 -968 486 563 -155 -142 -256 -108 959 -435 950 -29 900 -719 693 205 -16 617 -202 -936 138 317 -293 910 233 360 812 20 -730 573 -151 728 -244 52 832 205 469 -115 -501 139 -229 822 454 -565 685 401 -307 -982 965 -443 538 99 992 -908 -413 736 333 -666 -235 314 -279 76 -262 318 352 -558 -918 702 410 -180 68 -992 478 572 124 -3 461 -122 -427 -112 -442 -371 -655 207 956 -200 436
399 73 -259 617 842 -873 633 -331 462 434 -259 644 -93 520 730 -34 406 -724 -876 971 -567 316 105 198 129 758 675 388 296 161 18 -135 951 -954 814 219 529 371 999 508 578 529 944 379 290 -13 145 7 -586 -188 -881 -467 -299 -328 -293 -980 440 -642 534 -658 118 -820 -946 -161 -532 588 -812 -851 -425 960 793 116 345 -638 130 -318 136 -149 808 -1 -596 -856 853 216 766 -98 928 -307 636 704 -923 -753 -471 721 -566 -627 -477 511 -976 -364 -355 447 -784 -256 275 -851 510 84 -787 -718 610 -946 600 863 -986 -512 43 -154 105 -821
-397 -983 -258 108 567 -675 -974 -607 -644 -420 -558 83 613 -443 62 -767 -172 872 908 -801 -499 -349 -637 -520 989 488 -539 760 793 -310 64 371 871 75 -206 6 -472 -749 -416 678 709 -103 -274 348 311 99 -690 219 774 780 -927 425 -501 -56 -842 -461 964 548 247 -865 -360 656 -110 -792 63 -26 461 347 409 309 449 910 -157 585 799 981 -324 366 306 -871 -419 523 148 -20 202 -276 -976 -243 222 -102 875 69 -614 -499 184 680 566 433 -840 571 -311 141 229 826 -646 7 -69 -667 -604 -197 -172 -574 863 637 747 -416 964 -210 -636 -548
-33 -839 728 -234 -856 705 244 271 80 329 237 -674 -663 703 -136 987 95 -598 -900 848 242 -983 161 -144 101 296 -720 -992 -687 581 956 -736 997 -187 771 -194 1 953 826 -504 -558 866 814 -516 333 96 -928 123 -369 188 985 693 -370 454 -64 -776 -5 416 -341 493 -614 -260 -587 257 612 449 123 995 -157 -933 -914 757 -836 -867 -425 594 493 -711 264 -479 598 -212 997 345 -51 -893 828 591 -443 249 105 200 373 -35 408 572 -242 -863 885 -900 297 172 -629 633 -982 -350 51 953 7 973 590 -517 -827 413 -690 851 -688 245 -819 391
-421 189 -228 -158 53 -135 34 -234 -480 -611 971 114 -419 550 -271 -495 -84 -102 -563 -779 474 -121 -899 -835 730 -132 -471 328 -584 80 -188 -485 850 821 31 -210 -768 -724 292 -579 309 916 136 -381 -973 -727 734 -379 -124 136 -68 -877 -280 -874 -837 86 9 397 928 -95 -816 93 -625 329 621 -908 285 -374 -740 -162 792 -344 -450 943 210 -405 -975 198 -209 991 962 577 -842 -24 63 -204 -238 -524 -971 -101 232 279 -532 809 453 -942 48 938 986 -363 55 251 903 911 211 -932 -442 -116 -828 711 -86 444 151 877 942 -256 -896 707 950 -726
-849 -913 -158 -401 -711 -593 767 -399 841 885 -504 -960 -736 -617 41 -847 492 733 775 -553 -670 -323 736 150 -723 823 767 630 -295 -70 -664 -499 594 -141 677 233 452 -307 -858 301 477 549 -47 136 -429 -887 -322 207 165 -898 283 -297 -488 193 -717 -704 -561 -158 784 -410 993 -933 698 778 357 792 -3 533 736 -353 -500 340 664 -446 217 750 75 750 -549 834 231 -907 -690 -239 -969 92 -197 688 898 534 -647 -932 -489 -125 -846 -311 319 973 585 963 -58 -991 -576 17 -106 -244 538 -659 697 -823 476 666 -683 492 -615 319 999 -856 -163 -197
-816 -497 969 904 -59 -756 -534 -411 -509 870 -727 -100 728 -631 867 -321 106 761 226 -557 -243 -159 -247 767 -113 -545 696 -483 529 756 -387 356 517 -248 928 -594 -120 -779 564 -746 -624 257 674 737 474 642 -661 -237 346 893 585 489 -509 -709 -27 -919 -972 93 106 790 -29 -467 -726 -841 205 779 -394 946 -648 -827 905 919 -966 881 349 608 -441 -571 -498 -896 -43 499 -283 772 920 891 404 -944 91 947 718 259 -496 662 547 -966 423 -771 -862 716 -480 920 459 -291 227 -553 716 -746 348 706 212 -94 528 -108 864 965 617 -440 645 120
429 -21 205 822 -186 -612 546 -71 -524 -975 -757 611 -333 74 840 -816 907 -728 388 747 -934 -303 -329 902 919 -553 311 -673 -253 310 -763 226 -723 495 -572 775 -65 374 288 -28 857 -494 -620 183 121 407 -625 -99 801 -186 -174 -936 149 -39 -556 -980 379 -70 187 489 -467 -738 910 259 -678 573 -620 -109 414 -73 -26 822 -629 -58 -682 -820 -179 -937 563 -879 888 861 -969 516 -802 814 -461 89 -432 -968 -118 241 305 392 -579 758 417 7 824 -34 -546 -766 531 984 405 6 266 -527 544 -51 -515 -346 -947 -697 789 334 -27 790 -817 -287
-532 -506 591 555 263 -295 303 -873 -112 260 -606 -636 -625 866 956 378 -305 77 755 769 618 81 675 -2 -101 -379 -550 759 -114 60 -572 380 -320 270 -459 -860 845 638 695 819 407 807 841 -87 -674 -723 604 -799 360 601 13 -40 -969 -789 622 782 320 435 -946 -745 -553 -217 832 981 238 157 -840 -768 194 531 -771 926 461 813 209 -113 484 -426 958 -198 -60 -750 922 113 -806 -925 -988 -766 -3 -241 340 768 424 485 78 -165 -808 -176 -211 -790 25 -332 -611 593 -313 624 77 -910 -296 581 -49 -778 -711 -76 512 416 883 -693 89 263
234 461 680 -909 -803 356 -226 34 -253 206 246 450 -759 -457 837 891 -750 78 -985 928 -906 -806 569 420 530 631 -31 -216 539 -313 837 43 -11 312 144 745 656 -365 -847 57 162 804 -357 -836 -779 161 -961 -345 593 481 32 156 292 459 105 151 525 415 -388 894 247 382 735 291 -13 -186 265 847 -423 882 -235 -367 -801 497 -84 613 490 482 -850 485 -26 137 636 140 121 63 -454 -807 -514 -964 327 965 -647 -837 800 -51 418 -534 224 853 563 473 -343 199 -123 -278 -446 571 945 872 -590 742 272 918 984 -643 243 855 -848 406
-893 -893 124 -258 -215 -920 -274 711 32 -215 908 -564 86 658 -239 -145 941 462 744 621 -706 -324 130 791 -840 361 -899 -236 127 576 246 212 -765 822 299 837 641 -180 -115 -463 966 380 248 -645 341 756 -593 523 -888 -772 934 -618 -269 885 190 -515 42 -973 -517 441 -519 -727 985 308 505 -180 337 599 -41 693 -894 -847 916 -862 448 782 -515 252 -861 -795 158 678 432 -909 -418 547 -515 -901 457 86 -621 378 -644 -356 976 -259 85 -164 738 479 9 7 133 300 9 -374 382 505 474 -516 -160 -847 -183 178 958 -407 689 101 78 52
57 809 -606 -694 -720 793 311 -533 -39 -304 759 -908 725 863 -539 -639 -95 979 435 -531 -36 -410 -349 -429 -989 -695 -455 -994 89 647 -641 -199 906 -147 474 -715 -33 -460 797 664 -73 -655 -264 579 616 -881 -661 57 32 -373 -891 57 245 421 -170 259 239 108 -894 -596 -596 654 123 -766 -661 702 117 -883 745 208 958 -414 787 281 -263 -877 559 -533 160 317 461 75 -179 155 -485 -581 -847 -25 238 -738 -808 -487 780 -733 -234 -370 -432 -539 -893 -995 956 -62 -574 577 440 619 706 -360 -664 -954 446 -560 -244 -374 676 500 -260 156 -665 -783
761 843 186 -933 -234 -654 998 333 -812 539 -925 -450 -775 -250 902 319 -615 322 -625 -268 311 819 -968 34 92 -769 -309 855 192 335 -130 -159 413 582 268 -588 -175 -941 -56 -286 845 -723 -916 780 147 203 21 495 -791 256 -999 908 -836 -744 332 -690 562 911 -462 -157 665 953 -899 -623 -14 -490 629 -62 -501 682 -990 868 897 141 -711 740 -134 368 556 462 39 900 -726 742 -154 641 -136 -180 -949 824 319 814 -524 -270 782 808 -162 -445 610 -167 -946 -370 912 453 -817 -906 -392 -423 781 531 -874 808 -986 518 32 -852 748 451 70 461
-503 -711 -967 990 486 -815 -700 -810 592 417 -31 513 682 -171 -307 808 327 968 165 400 -974 -474 501 563 -951 -843 -769 426 -464 424 124 194 900 -471 -205 -62 -718 552 -218 56 -18 188 490 -234 642 -767 -468 -630 885 -697 -489 -946 651 -22 -281 -440 966 -619 535 263 -238 86 -367 711 613 -374 -488 -356 995 851 366 514 -104 212 471 880 -38 900 -603 917 627 375 -206 149 -80 528 59 -982 251 -729 804 -444 -256 -352 -897 -430 -955 322 -586 974 51 -694 -651 320 484 151 -543 778 727 546 -327 -625 -59 142 -614 460 808 298 -373 618
201 203 556 -508 172 -737 -757 -721 -927 -919 423 -715 -772 91 285 -328 -403 395 -763 -560 435 -140 892 -965 -521 -575 231 -873 -115 -780 -837 -593 -309 215 73 243 71 971 13 -73 551 -224 -707 -73 559 -773 208 -554 68 -393 631 -261 621 -627 -551 -746 956 -291 -620 34 -726 727 534 -576 -947 164 -551 574 -584 -833 -325 953 731 124 -883 160 -907 269 -462 629 964 -72 765 396 -874 395 -251 422 -201 532 548 959 -750 -198 -158 -39 860 510 702 -451 -778 114 532 -989 -258 126 16 446 -209 29 -871 672 931 -238 633 -952 224 393 -576 -299
-662 959 -711 87 -198 663 607 670 -40 -458 592 -238 1 -785 703 -609 -365 163 566 -436 985 -493 582 -666 -50 -105 -628 -92 -381 -611 262 -899 -96 -248 310 86 -141 443 -12 136 -730 471 289 -733 -312 135 -938 -956 -90 300 573 935 448 -200 -390 54 87 -628 338 280 126 849 155 758 -228 247 498 -387 -15 -216 674 -644 953 -179 -107 -285 -256 578 27 621 -177 118 -768 -533 -508 70 330 97 71 -579 644 937 76 -477 -548 313 847 815 -346 -323 978 491 -24 -587 -850 644 11 -127 484 80 -860 -83 766 -111 190 412 682 -326 372 -842
352 -852 -259 -905 345 -529 39 -336 724 945 617 571 549 196 -142 666 686 964 275 756 -849 -248 881 -456 -664 647 644 400 496 -473 -150 -577 -627 -375 615 914 -80 -103 -970 -12 828 -549 -52 333 252 900 759 91 -94 -513 113 151 393 383 927 205 -569 -78 467 -983 -229 -703 46 -106 859 782 -798 -401 929 -113 -353 -226 218 -856 171 89 -549 -920 -491 -556 -142 -470 537 -744 2 979 310 967 863 -588 966 -180 -306 752 -521 915 912 -896 458 -518 428 979 233 -451 342 -68 -125 899 -104 -957 636 858 542 -971 220 939 -392 494 874 722
-653 -334 -867 153 497 223 945 -987 937 105 600 -909 -265 151 762 -723 330 -39 74 345 669 150 972 570 -327 16 -504 734 -307 753 104 720 -293 -363 215 284 300 -818 -752 948 415 521 -710 386 -947 100 110 699 666 -121 298 -736 -371 -706 985 538 -587 859 -221 981 -117 -852 -679 -940 -441 -874 750 598 787 464 -393 20 828 -832 -71 453 -703 897 -628 127 528 790 -587 -244 -931 -13 -567 767 862 -595 -699 749 -605 724 858 -823 245 -466 -512 -243 -780 315 -252 163 820 83 968 -919 -678 -71 -346 -773 77 -933 769 693 122 938 672 776
723 -752 248 -928 450 159 -316 -841 374 -353 -819 16 -534 -150 916 -703 875 627 121 -603 877 489 393 -120 -64 34 920 -921 297 948 -570 696 -431 535 -472 -449 131 783 -93 224 958 -271 521 -759 -721 -519 -982 611 692 27 837 -58 -688 876 -627 -995 -884 -581 -454 482 -255 -748 -396 -599 819 243 -117 74 604 -484 -251 -137 -167 -543 536 770 176 877 -406 -56 -23 -647 510 -807 904 -859 777 161 289 -16 13 355 944 -705 225 -782 -2 -837 -20 -950 820 663 334 -99 415 895 -910 -664 638 171 -789 648 872 -727 73 979 -261 -704 -588 292
-464 285 -342 801 781 -834 679 -972 286 -715 -518 804 -626 200 -137 449 -567 -146 117 -443 -356 -801 -654 433 426 -833 52 -616 560 -27 -105 985 -573 -245 -383 -423 669 744 -49 -432 -943 134 -395 87 -426 102 129 -310 265 48 100 -871 -548 280 744 484 406 -812 -616 852 -204 -336 656 798 -589 -92 925 -743 566 -210 -388 -251 -870 -409 447 -732 25 600 308 -981 544 -981 -524 -141 -543 -802 -598 -131 359 -109 -502 884 -614 629 -599 553 -463 -686 769 -770 -489 94 798 -724 -557 -799 -354 66 -736 -922 -461 -517 -840 -927 -121 451 -610 -917 -440 988
-914 486 -286 223 -693 -642 434 793 -836 -7 -609 -777 -851 -556 -764 -535 214 211 556 -557 251 -377 -218 640 -512 151 952 -430 -358 -614 -420 -725 -185 -737 -421 -332 -978 -462 692 360 -899 -319 121 -689 -309 -900 -417 21 -954 366 410 274 86 -543 -944 -289 -7 332 -372 951 905 -120 743 924 -243 -352 -936 487 162 -729 -604 940 -582 -980 -955 754 761 419 267 68 510 -308 -329 -237 259 -108 -255 -849 196 940 -834 -644 -39 -340 743 -145 349 -50 -904 -801 288 -152 -695 621 350 51 -669 43 637 -588 -263 -444 17 -622 991 119 237 517 -862 -422
-215 863 143 464 -768 154 847 41 531 20 -187 -890 -140 -917 366 -979 -930 957 478 91 -545 486 -587 -775 918 865 424 -810 -350 896 -284 -11 -855 -528 593 -338 -302 419 433 327 939 848 602 -939 393 132 -889 377 -746 629 924 -275 -365 824 -61 50 -662 -68 -688 -486 -55 -784 -380 296 865 -524 708 -591 847 346 -775 158 661 271 -852 -682 429 904 945 863 -347 -2 407 389 -66 -113 -318 738 6 -508 -883 -500 464 496 -190 239 374 191 895 986 933 639 961 813 896 92 -280 365 -996 277 987 538 -309 221 395 21 -559 493 800 -676
-897 -882 684 -65 -864 -105 136 -289 887 589 296 -42 -27 -835 -811 -744 -741 -79 -962 565 727 -851 -960 -332 -814 -413 -13 675 -910 -806 -913 -783 961 895 661 -420 -708 725 -585 -587 327 -124 542 696 -606 998 867 802 -772 419 -268 -660 -377 -145 -498 315 390 -943 -678 886 478 688 -241 -938 398 209 -583 -965 377 513 841 998 460 498 687 53 676 855 -157 -471 385 598 276 360 -930 690 -870 -288 29 -63 621 -574 944 -874 -635 -757 -286 -627 -875 -747 -971 -901 -882 846 -585 725 193 150 -350 651 190 156 -548 -836 -715 731 -969 99 770 -196
588 706 63 534 -5 474 23 -473 -13 -936 -28 282 766 -446 -350 422 271 -52 854 -730 -704 348 -735 -80 915 430 -508 44 376 298 -347 378 -74 320 60 947 -745 -903 497 180 -87 -656 -624 -140 -258 -228 -67 -533 -402 -391 101 257 -230 775 -718 -971 460 585 -487 175 -204 482 -625 493 -356 -476 286 475 -488 -356 -480 512 24 737 759 -477 -645 670 289 57 21 787 -781 -851 821 -387 -255 -141 734 500 159 732 724 657 -661 -10 823 -942 -409 -304 509 -773 -883 -808 -173 -505 10 -580 749 519 -243 227 -492 851 -676 -67 566 -321 -77 296
-663 336 -225 -228 -170 293 195 241 -508 -970 974 788 -327 955 -879 -101 -261 179 68 -630 -394 513 -271 869 994 -529 -813 -587 219 98 -445 57 -871 -337 997 -254 201 -376 805 -834 642 553 732 156 -376 434 -563 -692 439 -416 925 246 559 -223 346 -984 -38 802 710 -51 7 -306 -74 509 207 -551 761 -269 415 956 380 -671 899 894 -17 -349 -671 679 11 649 988 435 -378 -42 607 -420 -27 87 -702 163 103 -688 115 758 -971 -666 121 -409 814 -959 -272 72 -994 -610 -309 -827 -6 -72 620 -52 -960 -937 -786 461 -320 -397 555 -109 -4 198
11 565 788 -770 271 -150 204 607 865 -249 800 -252 -629 -705 -897 658 -764 -659 873 781 711 579 320 25 939 677 666 -979 -811 497 694 -961 343 831 560 705 103 -179 -533 -449 450 -959 -560 263 -44 -507 34 -943 119 661 17 233 115 937 -460 356 -16 -951 -233 513 449 -977 288 87 284 -539 18 -912 -853 -844 -585 487 -228 524 -9 -829 844 919 388 -124 239 -314 -524 948 -250 -528 -342 -836 -563 -908 -642 -798 -936 506 -881 776 227 -964 -795 915 958 -412 -478 890 -880 -515 21 794 -150 861 -840 461 -973 433 602 -629 -954 -562 65 77
-123 -451 393 -842 860 -897 -557 -430 531 -857 173 161 360 -690 334 -434 815 216 -383 206 610 -854 175 842 942 -979 -49 -841 101 563 -401 -317 513 225 658 930 -137 -921 149 975 -58 636 375 -702 470 957 -537 -112 121 -959 302 -892 776 -805 -307 -19 118 378 -677 347 -497 -673 927 623 -125 -689 -590 811 563 -157 -986 213 -613 633 -514 396 497 -596 -216 955 780 170 -383 -718 -787 -18 608 964 -184 518 -998 -25 -765 -604 645 970 -119 -364 651 -476 -379 70 -292 293 -394 -425 -856 529 -489 -392 -383 -68 202 420 472 -767 727 864 901 524
-266 731 -986 707 670 31 418 97 33 43 170 979 -352 976 736 65 -226 -818 -78 726 -54 -648 -180 -429 10 616 541 -489 969 244 -941 315 -306 -938 -184 383 453 -371 690 -269 34 -613 -970 523 619 430 119 143 491 -979 756 -9 -823 612 831 -590 -149 -97 -185 -154 587 -733 157 598 646 203 -352 662 -86 -516 348 716 -95 318 801 -114 410 -884 -539 984 453 -323 -433 108 -257 45 -776 -957 -298 880 -592 -135 -765 936 -224 -508 217 848 -872 -1000 392 -46 232 -926 -986 -266 -364 442 -594 756 -646 -919 427 -893 -138 -293 260 267 -164 -962
435 327 159 856 -63 -845 63 740 -326 -401 312 46 -484 479 826 749 -902 -83 -70 -983 741 -812 751 -597 669 -953 788 236 -891 850 366 -297 500 -843 455 619 358 -85 -856 -340 -905 -486 -767 -207 -996 328 531 296 -412 -565 -740 -226 -455 800 -484 -198 -97 391 830 162 780 159 967 -936 -369 -319 -736 -383 -948 712 -43 141 579 -332 -744 552 -459 -799 184 -913 -466 -231 274 -226 -660 603 883 4 -840 -371 -235 270 220 -52 -860 -486 231 895 -540 -938 564 -522 -225 111 679 208 208 86 -318 -347 -444 -799 500 710 -363 394 -826 -623 -991 768
680 -677 83 -854 40 380 -495 508 276 448 604 -301 -778 286 -167 -942 -836 -278 618 -540 736 275 802 216 578 -705 393 -710 774 253 931 -796 834 -557 572 -734 39 663 770 543 -615 504 -121 -614 359 -790 -65 -64 839 865 710 107 -254 96 771 313 568 37 265 -82 -545 494 113 -239 -644 -11 568 -171 831 -566 149 -414 -815 648 828 243 -421 -319 87 144 181 -492 60 328 -417 601 959 871 357 -146 607 757 -797 -542 -385 891 467 508 828 -374 883 -960 -587 -898 -497 -806 813 -38 972 -845 266 -323 -9 299 -764 933 -628 -687 772 -849
-633 534 334 -561 -923 -342 -484 -116 553 -163 -528 -765 263 859 -582 -486 783 701 -429 894 -805 -615 705 771 -789 853 798 -189 814 -17 -193 -73 973 251 -535 -790 262 -218 -240 593 508 -407 414 -572 -985 727 -397 -184 -755 -139 180 739 161 -705 -572 -166 13 -405 237 833 -861 389 -51 138 722 -368 807 380 731 -571 892 -393 54 -14 -332 -442 -480 320 -412 -773 -122 18 622 596 -774 221 317 36 967 736 -657 -727 441 766 -357 946 -39 308 -931 -507 -964 819 -399 -267 940 824 -811 187 -344 820 541 595 631 -588 -535 -491 582 634 -481 284
525 591 -744 776 763 769 -420 -623 281 -735 860 535 611 869 -913 -237 510 -580 -305 -145 -315 920 -365 142 -985 686 287 -172 77 164 -573 319 -277 -339 -714 339 -442 -56 -807 527 764 -664 412 838 523 910 -193 -765 990 -76 215 -828 -252 -540 -343 -694 -640 -658 -496 545 987 -543 -897 748 -442 -438 -836 -101 570 -628 -979 567 373 942 475 -685 -197 -952 -191 703 -493 1 -235 970 -775 -99 -974 497 -596 -921 -434 -782 -730 193 660 -623 -612 318 862 -434 840 620 256 13 -164 574 -972 -675 221 715 -384 -467 -348 -380 891 486 895 -447 274 -951
-357 -865 -541 320 -42 -259 263 -144 642 -303 -865 247 -411 -395 -744 953 -560 435 -410 891 -23 -964 111 112 -356 227 90 -142 -40 -22 -737 419 728 724 78 24 43 -271 898 87 -835 651 -916 -525 -262 653 -183 -604 182 -955 -984 -934 -228 280 474 -307 -625 -41 766 -490 450 -581 748 459 895 9 86 -336 -894 -632 -47 996 106 837 -93 -185 838 500 715 -373 494 169 -961 108 -624 187 596 -892 207 -202 -397 -982 -862 -154 -644 -44 -470 735 -531 376 -504 -879 174 -972 793 176 -876 639 857 425 242 15 170 -25 -858 -314 -471 -10 -671 -1000
-254 -491 -728 649 -606 506 -134 -485 434 -190 -940 53 -786 -315 -631 -136 -380 504 417 660 734 -790 -438 332 -832 -223 -438 498 533 458 -548 951 55 -450 431 -206 -281 249 -982 907 632 89 -642 -678 -7 764 859 110 -94 223 -998 977 -912 204 -921 866 661 -251 503 963 756 487 90 487 -165 -762 62 -160 -107 -192 -574 607 916 -858 -226 -113 344 -890 131 47 -229 -623 25 228 -942 587 -333 -133 -250 961 782 138 -314 -262 -558 -994 375 311 628 3 248 406 -837 -41 680 306 -646 -577 -538 -572 -425 551 560 -886 -915 802 549 -217 -90 211
418 -623 -552 -571 -954 84 588 -701 -809 578 -841 483 514 215 922 624 721 683 855 -844 -513 927 928 -733 112 592 376 -370 -863 961 -906 408 -843 975 226 -876 -445 553 914 -526 83 179 104 -354 727 271 -832 -582 -170 305 -314 -677 984 -928 -634 908 -312 -56 -727 -763 -657 973 -432 307 320 -385 363 -106 -235 -555 -639 -811 198 374 764 -700 -523 333 735 72 962 723 441 -657 -192 -440 -19 -857 885 70 -253 51 -701 -21 303 947 719 -714 -959 -778 -739 -879 996 -861 954 -503 -797 555 664 -82 835 635 -167 -664 -41 -976 -483 -695 -271 704
-774 577 -303 -158 -82 -931 -624 787 236 640 -82 -643 170 -991 -294 179 -142 -481 -297 -246 -992 -690 129 910 -181 -187 21 -987 -644 -794 -423 -410 -332 521 148 368 360 -139 -578 754 -471 -261 296 -360 -7 -556 -897 814 -939 647 -293 -792 281 667 -290 -851 -438 -313 -557 -140 815 680 160 165 966 -632 909 -827 591 250 306 -117 796 798 188 -297 519 502 -107 410 760 -607 -298 -698 -207 -833 -82 108 384 -395 -147 -476 468 -884 -878 -926 -786 -183 286 50 -452 -376 -435 989 -114 -614 907 -555 -490 137 683 552 -992 513 -959 477 -717 -545 -403 -800
34 103 763 142 303 -684 201 498 28 -234 153 -367 441 192 596 -80 771 553 499 859 -844 679 475 -616 779 191 -260 988 -195 -712 -691 -5 511 -133 -622 794 -618 292 678 -126 -335 -821 957 678 355 881 813 -713 185 92 -415 256 -700 -142 -123 -304 -832 358 -726 210 473 935 -756 -747 -290 133 -737 -307 -236 209 -397 -757 556 -78 -554 -633 -325 -368 786 -875 -323 -159 902 812 471 -500 232 -915 -516 70 662 -364 -980 736 839 704 830 545 -260 -659 -456 181 656 -899 397 -576 437 918 -579 285 592 -323 227 492 389 45 838 351 465 -707
-676 850 -596 -447 380 -355 490 -650 217 -133 -54 573 155 -863 -84 -382 343 -353 529 -373 -759 812 708 229 -590 -411 237 -170 790 1000 407 354 -145 617 -593 -849 67 -501 168 602 340 967 395 -713 -89 297 880 -640 374 -141 -701 822 841 565 -853 127 676 -614 11 -526 349 -342 -562 645 -51 -137 -178 -740 137 305 -670 -633 324 -830 164 -86 -644 -435 -218 -774 667 -462 27 950 -309 542 628 465 -300 -312 -747 -291 909 -949 -882 -750 461 723 -133 -994 -205 390 612 576 -871 47 292 569 757 885 -670 -614 677 130 -567 -276 -189 404 -831 -126
-350 -425 176 -830 127 -391 -154 -776 -642 -230 -865 -556 -5 -521 885 -524 829 437 -171 -379 -22 -604 -351 856 -94 -222 -149 883 -484 -413 854 806 190 60 -216 356 -830 -697 -320 646 -354 228 -911 -486 -470 -643 413 514 946 464 -407 708 -798 -139 691 -899 -579 858 -745 321 200 -785 996 -431 332 -475 397 -252 609 -693 955 795 298 -807 -762 328 -38 -634 642 962 -93 349 70 673 -613 -864 385 284 -308 957 270 780 718 -912 234 -88 -700 -651 151 -866 152 -879 -558 770 874 86 33 -647 696 587 325 956 625 -341 830 366 515 228 249 -377
707 302 469 885 569 -82 -228 468 932 -947 728 266 762 56 -46 873 -387 742 -481 120 -707 439 713 26 -740 72 940 198 888 826 745 984 613 589 361 -383 -83 98 -397 -16 -222 -501 741 -236 300 -112 610 51 863 846 -933 -78 -637 -711 -17 -675 -408 850 271 -494 999 -150 -722 289 284 -449 -349 -540 980 396 557 274 -137 174 494 -802 965 -841 -703 -219 -491 190 -920 309 478 -916 -452 897 135 -946 -29 792 366 177 777 925 226 -847 -202 507 -798 73 500 15 845 253 85 -138 -483 523 -463 699 -71 802 -413 57 -791 93 21 -841
444 -299 -516 -857 -756 -837 -601 815 -862 765 648 -666 -374 -855 -138 442 26 -9 353 176 769 977 -709 -133 -692 -684 -977 -370 591 -149 638 109 608 816 373 798 403 816 -410 445 -317 875 -984 409 -400 -237 -682 -758 471 -416 -956 -754 -535 973 -315 348 -375 -60 -301 881 -916 717 -224 916 -324 338 901 -71 330 -365 -968 592 -912 -594 -713 -291 -885 -987 -392 288 844 176 -137 -283 -915 614 818 -662 291 855 -751 434 -952 -59 -808 -21 965 -444 354 721 986 721 415 -236 748 -497 -500 480 3 764 -578 330 106 789 -942 955 -610 979 -577 194
-268 158 362 -171 293 -673 192 359 463 -682 -175 -886 347 59 -96 -848 518 -338 -882 -692 266 -905 -699 900 782 760 -685 464 -409 849 660 -823 -151 548 -908 -214 -359 -830 -929 -800 -714 490 -18 696 -861 530 901 288 600 -123 258 -87 -936 200 576 544 577 -263 457 -424 484 953 -703 20 223 571 59 984 -886 -343 820 14 -378 -65 -863 321 393 180 -680 -663 -302 -542 69 -126 -936 -878 -423 -307 30 58 -689 -497 704 -336 593 -680 -792 -849 151 338 -315 2 -119 -779 620 -822 760 -423 -631 -778 756 925 -897 757 -637 -590 323 -551 -399 520
393 -694 216 781 89 -454 479 325 -448 -658 721 -839 4 -272 601 -867 -612 -48 927 -485 441 115 -157 780 -902 -776 -37 566 596 -891 685 526 -953 -60 134 330 -900 -246 999 730 624 871 502 97 -19 -583 462 -241 681 -274 -102 229 749 253 512 -478 -819 -277 -742 -588 -946 269 314 641 -254 289 -77 -983 -916 -944 -804 -824 -125 -978 983 -272 -245 -685 -308 771 889 717 558 139 396 -523 114 502 115 314 -672 746 197 -671 -327 -513 878 294 595 -464 557 -941 -139 61 -708 744 1000 -980 837 -603 682 -879 -632 -421 -318 -143 -550 606 900 56
-950 -554 -999 524 -354 644 -945 112 -57 -356 678 829 -685 692 -204 42 863 535 -337 138 309 -228 353 -911 762 -83 -965 795 -329 -112 373 -801 859 -653 -727 -858 440 471 582 -725 773 306 -452 17 -687 194 -683 87 822 -754 39 714 -684 255 -428 356 -599 173 -893 -340 -352 -855 -61 -288 375 -654 938 714 -10 -385 976 -245 895 304 -587 -236 -477 557 -312 581 -357 -577 -386 -276 743 987 668 -407 -897 151 430 327 346 -596 -785 -80 700 -720 720 459 90 -445 826 -456 -855 -35 898 -22 -277 -975 919 -983 -869 768 906 -570 -22 -332 -828 968
341 739 -662 -528 -591 -861 -825 918 -824 -68 -669 125 298 -492 -600 982 -66 612 260 842 -110 378 315 -30 -212 743 -61 45 517 138 -315 -789 621 765 -456 188 189 -839 580 -518 -386 730 -101 751 -205 332 -5 36 -799 -704 226 47 913 872 -99 285 -174 -749 435 230 -29 533 245 -954 848 774 -121 71 -27 893 -168 30 -742 935 134 -63 447 -328 -74 -503 -370 425 504 -505 947 -91 -333 -184 863 -678 -259 996 20 718 -34 -233 -663 723 785 -967 -403 142 -904 -176 -777 392 268 165 480 -78 -218 251 355 -709 367 733 923 174 -750 633
222 725 -677 -645 694 780 803 769 15 -690 663 -196 -231 -151 -952 -458 306 503 -376 330 512 370 119 -594 999 -964 -97 -558 225 363 -858 899 15 962 439 975 852 -297 -331 935 820 -245 550 288 904 721 162 433 266 -252 425 191 76 -33 -411 -423 -780 -822 -7 186 -458 -568 -383 146 -333 -372 -141 -325 985 665 -80 832 669 820 944 205 917 -562 625 685 227 293 -278 545 -974 180 -204 829 704 -80 -57 918 886 -192 -812 -581 145 636 324 319 -480 220 -26 365 288 -787 -225 -454 985 -851 -328 128 -563 -266 316 -301 833 -970 528 -378
17 -480 -780 -151 451 442 645 495 -770 -991 -951 -767 -980 -577 762 -887 296 -13 -264 703 -660 554 926 -497 816 -280 280 -608 -314 958 809 -2 -102 267 -432 -906 -403 420 984 581 -368 558 665 740 -214 -519 -934 799 830 -716 -184 115 765 -660 -60 964 815 -667 704 803 464 -953 -795 562 -464 -941 506 989 -30 518 185 -382 169 -937 618 159 -959 762 -568 886 450 154 178 -347 14 459 612 -197 591 487 -205 -529 -850 -435 726 91 -240 -583 -978 93 754 958 308 228 -357 187 -174 -64 -749 802 986 -369 -868 463 763 265 -291 719 30 -783
614 -869 486 998 172 607 646 -26 -895 -527 -630 886 936 580 919 -650 -54 -874 349 427 857 -867 -534 -584 15 -793 870 -522 -861 287 721 9 141 344 -543 563 -227 283 832 -505 -213 784 390 -563 -337 -444 -891 678 69 116 -674 -684 -577 200 742 709 800 -238 -200 898 846 460 704 -332 213 -440 -813 558 -662 757 -388 -75 808 -456 -913 654 547 -115 107 -790 395 289 -276 -34 372 -574 486 877 868 638 -986 188 272 -279 688 -312 -476 757 765 -482 492 -503 734 523 369 -153 -190 472 -845 -387 -494 539 -62 -517 747 145 456 -511 56 -46
-355 80 536 -284 681 -684 -234 -408 -501 -953 698 263 384 804 -538 972 0 324 -597 -708 -370 647 -212 338 -279 658 618 -269 62 309 -968 -718 243 223 409 -4 67 248 -252 902 664 733 383 404 -775 828 476 -497 -135 565 276 343 312 88 -757 381 685 316 -534 -519 150 743 -350 -360 576 -991 -698 -325 447 -424 -435 -944 17 59 -900 576 437 -355 -493 -206 -47 -999 -904 934 -211 517 570 221 -410 979 154 -689 75 -519 -749 13 -667 -432 407 -367 416 -73 815 517 73 416 227 812 982 267 -515 887 -184 -535 981 -361 -164 604 -756 378
-906 -376 193 160 -446 769 258 417 -963 245 -282 -541 -444 13 -112 -309 48 244 68 -905 -621 -186 -506 772 -442 1 997 -655 236 -68 711 -51 -798 275 -292 -754 -872 -265 -725 387 -312 -451 372 483 942 -142 712 462 -806 -322 -327 -693 -547 -676 -298 108 575 627 664 -644 -321 528 -559 -209 95 395 -329 -520 -460 -225 546 -164 189 27 -663 342 -725 959 834 76 179 -252 810 -578 43 959 425 -354 438 640 478 -253 421 -928 925 418 11 7 -64 -775 -985 -942 920 -316 376 -95 -896 909 357 -553 -114 543 -997 500 306 -777 -279 636 629 -280
426 -915 -489 120 -91 686 179 399 439 -570 -887 284 85 -504 838 -197 580 987 -925 378 482 940 466 335 205 -574 -492 895 801 423 663 707 -736 189 -244 -144 -866 -80 -488 -563 -570 427 369 -873 754 -98 382 991 858 -631 -255 328 -423 -915 604 -777 994 786 -864 468 908 288 702 771 -995 801 -559 -11 213 306 469 -6 786 957 -612 995 266 72 152 -889 357 884 51 20 471 245 -595 -724 572 399 -91 -296 -283 839 -654 -927 -305 -615 583 -322 954 -852 19 -953 830 174 826 12 547 -121 -993 482 333 -936 242 670 -277 256 -964 533
-382 348 932 -590 -357 -541 -788 -393 792 576 694 -16 764 -928 612 47 658 270 486 -232 559 51 -394 -577 920 -390 787 259 8 -334 337 -442 -846 641 -162 520 -300 388 455 -217 -466 800 -664 -442 712 210 730 -587 -221 -91 45 518 -660 914 -933 996 -365 468 -428 -963 -826 766 -603 -828 366 -838 982 320 -94 -252 -348 -163 -840 -940 -906 -689 121 -919 -856 592 -490 -366 938 -556 -136 -695 -131 932 -15 213 206 -327 -939 -787 687 15 -469 -785 528 75 -790 -542 195 -632 -716 386 -529 -909 277 -851 -978 -212 795 430 101 -411 168 549 165 -447
706 110 -474 481 -189 556 299 189 -280 752 -143 562 924 49 765 583 -830 189 -856 -372 618 -592 -366 -406 617 615 -778 572 63 -593 -207 -683 -873 633 -944 -740 -378 764 377 865 -415 -63 -172 865 885 -118 161 57 -278 -972 -966 -272 114 -48 465 393 -285 772 -376 -396 201 -450 668 -280 784 878 -923 231 -848 -259 870 757 2 -600 -934 788 60 -777 546 -147 195 -406 113 832 200 -333 773 -847 358 190 -846 195 951 -522 665 548 -670 645 787 -171 216 -903 119 738 506 -24 -164 -143 882 344 882 573 -983 -260 757 -562 616 -675 -934 -378
128 -907 -615 -950 930 -834 -737 -429 508 -377 975 532 -139 -176 -661 -965 113 -82 412 -95 -738 213 183 -499 -646 -150 -707 605 -360 -443 342 -344 675 -529 58 -946 -886 997 742 241 989 748 883 547 -440 431 -605 279 645 -1000 -614 -921 -22 -110 -90 443 -803 898 814 42 228 -66 913 -227 -487 496 -646 -475 879 876 -220 -423 -805 129 -53 -916 -620 694 -149 -137 476 32 203 157 721 456 551 -407 255 870 339 -817 903 -249 -366 -155 -805 -976 -873 579 -303 -458 -937 -262 593 0 -397 369 -609 -513 591 418 350 -742 -588 -209 324 -976 110 55
