-1000
-999
-997
-990
-985
-982
-981
-979
-978
-976
-975
-973
-971
-970
-969
-968
-964
-964
-963
-957
-957
-945
-944
-941
-940
-939
-935
-934
-932
-932
-931
-930
-925
-923
-923
-922
-921
-918
-917
-915
-914
-913
-906
-905
-904
-903
-901
-899
-898
-895
-889
-888
-888
-888
-888
-887
-885
-885
-881
-881
-879
-878
-875
-875
-874
-871
-870
-870
-869
-866
-864
-864
-862
-859
-858
-857
-856
-855
-852
-852
-847
-844
-840
-838
-837
-837
-834
-831
-830
-829
-829
-825
-824
-822
-821
-820
-819
-815
-808
-805
-803
-801
-800
-799
-796
-795
-794
-792
-792
-790
-790
-786
-786
-785
-785
-783
-783
-779
-772
-767
-764
-763
-762
-762
-759
-757
-755
-753
-750
-740
-738
-736
-735
-735
-732
-729
-728
-725
-723
-721
-720
-720
-719
-719
-713
-712
-709
-706
-706
-706
-701
-700
-699
-699
-698
-697
-695
-693
-689
-688
-685
-681
-679
-678
-677
-674
-668
-667
-667
-663
-658
-656
-656
-654
-653
-653
-652
-651
-651
-650
-646
-645
-637
-636
-636
-635
-635
-634
-632
-629
-625
-618
-611
-609
-609
-604
-603
-602
-596
-594
-594
-593
-589
-587
-587
-587
-587
-586
-585
-581
-581
-578
-573
-573
-571
-568
-566
-564
-563
-562
-560
-559
-559
-559
-558
-557
-557
-556
-555
-554
-553
-552
-550
-549
-548
-548
-543
-540
-538
-535
-533
-533
-531
-526
-525
-524
-522
-520
-517
-515
-513
-513
-507
-506
-505
-504
-503
-503
-502
-500
-498
-497
-494
-492
-491
-489
-487
-486
-486
-486
-484
-482
-480
-477
-476
-475
-474
-470
-467
-467
-464
-462
-462
-461
-456
-455
-446
-445
-444
-443
-440
-437
-433
-431
-430
-430
-427
-424
-424
-423
-423
-422
-421
-418
-416
-416
-413
-412
-412
-411
-410
-406
-406
-405
-401
-395
-392
-383
-381
-381
-381
-375
-371
-367
-367
-359
-357
-344
-342
-337
-335
-329
-328
-327
-326
-321
-321
-313
-312
-311
-310
-309
-308
-307
-306
-306
-302
-301
-301
-301
-299
-297
-293
-293
-292
-290
-290
-289
-286
-285
-285
-283
-282
-279
-279
-277
-277
-276
-267
-266
-265
-264
-263
-263
-261
-261
-260
-260
-255
-255
-254
-250
-249
-243
-242
-241
-240
-234
-233
-231
-226
-225
-225
-225
-221
-219
-219
-218
-209
-207
-204
-199
-197
-195
-192
-188
-186
-185
-183
-181
-177
-174
-172
-171
-170
-164
-151
-151
-149
-148
-145
-144
-143
-136
-130
-128
-125
-122
-118
-118
-118
-116
-114
-114
-113
-105
-105
-101
-93
-91
-90
-89
-88
-82
-80
-77
-77
-75
-74
-73
-72
-67
-67
-62
-61
-59
-59
-58
-57
-55
-54
-53
-50
-49
-40
-38
-38
-37
-37
-34
-33
-32
-31
-29
-28
-27
-27
-26
-24
-23
-19
-18
-17
-16
-13
-12
-11
-11
-10
-6
-6
-2
3
6
7
12
15
21
23
26
26
31
32
36
38
44
46
47
48
51
55
58
59
66
66
69
71
78
78
79
81
81
81
81
81
82
82
84
87
88
91
92
92
95
101
107
108
109
109
115
116
117
119
119
121
123
124
126
127
132
133
133
133
134
134
142
149
151
152
156
159
161
162
162
166
175
175
177
179
179
180
181
185
188
191
191
194
202
203
206
207
212
213
215
215
215
222
230
234
234
235
236
241
243
245
245
245
249
251
251
251
252
254
255
255
256
258
258
259
259
261
265
267
269
269
272
273
274
277
285
285
286
287
288
290
297
298
299
300
300
301
302
302
304
308
311
314
314
314
316
317
321
323
325
325
333
335
335
337
338
338
340
342
342
346
349
351
355
358
359
360
362
363
367
368
375
375
376
378
380
382
384
386
391
393
396
396
398
398
401
401
404
404
405
406
412
415
416
420
422
433
433
434
436
439
439
443
443
446
447
447
448
450
451
452
452
457
457
459
461
464
464
465
468
468
471
471
475
479
481
482
482
482
484
485
490
491
492
492
493
494
497
498
501
504
510
511
516
517
517
517
518
519
520
521
524
524
526
529
536
541
545
547
548
548
551
557
558
559
559
560
562
562
563
563
564
564
565
567
569
570
573
579
579
583
585
588
589
598
599
600
604
605
606
610
610
612
614
614
617
618
618
618
621
623
623
624
625
626
627
629
630
632
634
639
641
644
644
644
645
645
646
649
650
650
653
658
664
664
667
668
672
674
674
675
675
677
679
679
680
681
686
689
690
696
699
700
701
715
718
719
720
724
725
725
732
736
737
739
740
745
745
747
751
752
756
760
761
761
761
768
771
771
775
775
775
775
779
783
785
787
787
787
788
791
793
794
795
799
800
800
800
801
802
807
808
812
815
818
818
825
825
829
833
834
834
835
836
836
839
840
843
844
850
851
851
854
856
858
859
860
861
861
862
863
863
866
867
873
873
874
879
883
883
884
888
888
888
891
895
899
900
903
903
905
906
908
908
909
909
913
915
916
916
917
917
917
922
922
922
923
926
927
927
928
928
933
935
936
937
938
938
939
940
940
942
942
945
946
949
949
950
950
951
951
951
952
953
954
955
956
958
963
966
967
968
969
970
973
978
983
985
985
986
986
987
988
989
994
1000
