-914261
580599
-979157
-314948
793894
-381846
926832
55748
-956821
-632468
664717
366745
-697539
-390583
-33407
1844
61480
128367
-62494
437069
13729
-455216
-395142
-71312
-643735
846628
432255
548974
-131475
267621
722119
-826800
-620
326363
119881
439246
410847
-266441
-535949
602406
611348
-790650
623039
-672725
268127
723166
-21234
-900312
-961842
649489
-453178
349545
873902
964681
-863544
196547
-113864
54296
190420
-518527
799263
967101
-764925
984919
579522
-436920
345265
96832
102997
-647024
693331
950451
682664
-282031
-670771
607667
-516627
676450
-645898
-269436
343070
-644769
-123684
926642
279886
-486114
-244378
-948161
276220
848528
657337
247727
-955353
307311
640591
-351843
-752249
-643178
-537180
-480536
-895659
-389879
-433580
925770
20800
-774465
527489
-609077
-607622
497942
-714385
998610
718721
-452859
472682
396130
-84295
603480
903149
-489832
-68136
23399
-505758
288544
-622266
122946
-122072
-323721
339610
158352
-888234
-176645
-431761
603410
757045
361518
-141519
-725314
478968
-35290
2497
-500422
358357
-818560
298207
-767320
952210
-7929
-876272
234183
354829
-10787
171761
-270881
209409
947650
39108
-532349
-935095
-832739
901646
-432608
-349191
-943414
-675659
263371
593076
-881987
451547
751180
265905
338303
752478
-125999
-724247
445767
330755
661386
-15382
4105
257089
733081
450757
-904120
915246
-469465
965
-865488
300026
-910641
-72561
-373887
587464
854491
-106648
-238158
879317
-643400
825594
404017
-256142
-772259
237232
-572044
-348609
217372
435411
-803581
-713634
-812433
706863
-876647
993667
-261305
421097
746801
347429
-218203
-57843
233617
-355630
810013
514400
-105811
-77840
-479473
93953
443982
359732
109262
636855
-227238
-8423
886258
-307278
-350449
579697
253458
-27576
364736
100888
-196912
-28016
-588722
-58809
-148451
775261
-454420
-840605
-989545
420059
514105
-574589
839313
50056
-514586
160012
374433
-998060
514000
-72875
-490840
-48532
883222
443769
-464669
-497806
-896581
-93838
-838695
-126567
-847785
-672206
139349
569229
189434
-501129
939182
264569
-364139
542203
852876
-946018
-797899
-88482
986829
-901029
603355
-993752
-327783
102023
827278
803772
744139
-315955
141467
-783139
-597063
-202285
-929550
633415
909416
134775
-252180
234138
587404
-86836
-917726
476875
422406
-848590
-426261
-957248
-170074
-42572
-949967
-296370
975800
681195
213147
-897717
277667
511030
-162505
570413
-608757
682922
-615695
-848799
-139480
795084
643651
-791656
272143
594580
975301
980951
-18439
124086
373998
-938697
330422
-578041
-628098
98906
295491
-317505
983656
668153
-637796
319739
-292253
-121954
666306
150545
-38780
-732007
801391
708948
-645497
450826
48686
-585633
-196266
691313
823329
-571325
-946255
669015
11887
45065
861997
67573
113618
11228
954271
-434792
964183
-583961
492727
381657
-290915
-776550
667492
390777
614882
-403559
298232
477480
863036
457078
982222
742126
-453296
-116502
755353
987325
-176346
-242443
-872629
554997
577118
611687
-674096
-999252
-793396
9234
874010
159866
-68162
664683
-407097
125188
227060
-315118
444646
758819
-509178
622938
555169
494276
510300
967885
-30376
-703546
261378
239142
491490
-422632
-529617
-541126
-679386
-838433
-385457
295930
-484825
-871048
636158
101464
885649
988042
517394
748118
-413619
-890431
118568
-5617
503022
-745009
-995827
893835
-357609
-760737
-650325
-442767
485828
161539
178639
570844
-480025
778924
624736
476365
-736206
313192
810848
547855
441866
784798
-787581
209231
-459702
851786
700944
-226302
223291
130036
-843757
-630536
74546
233533
829320
-587634
606986
352595
-730020
388743
-886389
63091
273356
351137
73667
312921
-456035
-566212
-606394
-746643
518053
-490462
789383
-34812
718997
256589
-819058
445558
281593
646106
92574
802546
9021
-494477
33675
778138
-608170
877064
845368
476517
990862
-440708
-820302
685912
-746603
-715693
440621
667350
490633
-899565
-720602
143814
-928896
712966
-40336
279516
-9100
-172625
690502
300888
-972922
823677
822852
-938643
-574820
-153772
64325
159574
188377
-221708
-899205
-564194
663467
790307
624980
-912337
-325483
915576
-175744
758311
793845
948539
332984
-297624
-159757
845077
-343838
-315230
-426470
-753898
749642
-637129
895252
-799629
583435
385449
-731074
463706
-940330
-225553
-104273
-770977
890949
-161091
-59195
-890647
-317020
156126
-594677
-306375
-295478
-870211
855750
584609
610005
450548
-77924
-624776
-54681
528728
585170
-224198
-648983
673682
-415936
702698
286490
-646200
-766145
-714315
831100
895189
-244284
915551
864125
-603055
620930
348115
459989
500404
871292
-978839
233982
-161758
-764197
-802542
-997781
-74238
-449868
-286623
445066
-608598
-24451
827525
96264
876462
-623226
741911
619020
-252547
62847
-580850
296261
-986135
897002
-262302
-198753
-786064
-159821
-927368
665915
-382523
-165821
221022
-213524
832291
529792
505031
238255
267431
595701
-995080
-878620
73498
-60988
558342
-795310
-350858
349843
592360
567788
-587428
-794077
-70759
-861616
713505
-18551
526854
-936783
236126
-731799
-651041
171191
-71282
921591
101255
135465
-748935
-509744
-859871
728918
-687657
-553086
-123799
536028
-193660
-574494
658769
14818
-927134
637766
63888
690705
-770383
912905
509076
374422
367573
501574
389518
-647294
753143
106234
-999543
-553771
-569948
44418
-912756
818537
114620
-380171
754163
-384331
-137852
-881765
-682237
-962146
256629
261930
-170283
-990472
-679368
-811902
376326
-19073
107575
90796
55912
-599496
-800857
41824
229159
674110
223132
32100
-678904
-982246
143604
-666835
774311
789638
478633
226946
-951221
282692
463270
976751
783124
-661386
-390610
-297082
-292738
-570671
-779806
-350171
245923
652487
-305618
312531
970639
591562
-683195
174162
-388268
242129
-140349
-971325
628183
-957287
855778
-11802
-101868
524704
-386791
846847
645880
-845344
-583614
-799408
-445708
335078
93172
-323411
500207
902627
544559
293528
-424803
772255
-800383
-479073
-990751
-99988
549015
-9643
-278696
90166
-260053
313255
-699523
799837
736674
-121435
-116907
-439285
567643
-25793
-187521
785948
-461766
68711
-536202
463974
994736
-665840
-56125
114554
715067
401916
-142902
914659
-91220
283987
-573148
196113
-423382
521987
444346
595001
333581
71617
-692318
863018
67853
35132
947111
983119
-358531
551333
971828
401841
-176278
715726
79763
803166
-576642
-243878
467011
-517897
177880
-877951
8117
79826
741101
232230
-609123
716632
-220070
7717
885082
-857905
-502571
793069
859870
-524438
456018
-885709
-362653
-283127
967982
-9917
996424
-432262
-969926
314221
-549950
847229
-823362
980635
-134632
-403792
36060
-185406
852826
763457
-997236
194329
-776382
-703165
-939663
561623
990998
-258712
-385357
-446950
-174945
-316956
320667
-732007
187010
889665
-948716
-460485
289140
92083
-529166
-349699
472313
940383
-907109
-425955
-561021
414156
-747340
-242690
-182656
-403956
-907122
-51091
-127648
12646
-280878
480765
821778
782906
902484
-991026
816023
-743061
362058
-182030
522475
-258528
-236331
-655625
-70735
-675939
241416
858164
99726
-217658
-151692
-839243
-862617
-766169
172194
456215
993074
295813
487225
-219425
9939
-878900
-19120
-663986
235524
-593025
124004
228236
950856
657190
-786665
-118203
57539
840547
-581708
-946786
-670354
36528
-746344
-89677
366832
546953
-707168
380814
626977
-261960
-325570
-702069
-257278
962477
660382
999963
-708144
233035
-605711
561386
-552908
-302135
618957
213120
839960
-571144
