999681
999615
999587
999484
999456
999420
999387
999143
999110
998754
998268
998030
997916
997904
997741
997617
997412
997344
997275
996810
996613
996516
996428
995721
995507
995217
995072
994945
994722
994444
994438
994226
994167
993739
993486
993485
993347
993089
993036
992984
992703
992390
992307
992124
992023
991590
991120
991033
991009
990979
990934
990337
989300
989067
988867
988754
988629
988490
987545
987376
987231
987193
986925
986668
986563
985572
985394
985225
985096
984948
984836
984819
984011
983964
983534
983369
983338
982896
982385
981934
981918
981678
981443
981218
981126
980966
980822
980564
980455
980404
980147
979968
979547
979323
979307
978957
978685
978568
978563
978457
978455
978088
977381
977076
976983
976791
976770
976750
976669
976536
976466
976263
976008
975885
975437
975407
975366
975260
975239
975181
974714
974706
974585
974470
974402
974207
973935
973849
972823
972614
972398
971938
971619
971612
971291
971113
970864
970831
970701
970569
970432
970307
970240
969804
969723
969684
969573
969404
969197
969048
968900
968787
968277
968149
968054
967989
967879
967657
967239
967089
967078
966954
966928
966484
966282
965925
965777
964820
964712
964248
964012
963841
963749
963563
963537
963177
963113
963048
962893
962414
962062
962023
961729
961599
961593
961322
961079
960501
960363
960066
959912
959869
959772
959687
959635
959359
959156
958800
958785
958717
958707
958706
958678
958472
957996
957913
957866
957629
957307
957293
957033
956552
956324
956315
956210
955967
955960
955755
955712
955687
955557
955533
955337
954877
954591
954365
954246
954222
953606
953264
953214
953187
953160
952952
952814
952761
952601
952412
952234
952059
952059
951985
951918
951885
951791
951692
951508
951502
951331
951152
951107
951020
950700
950547
949927
949680
949398
949171
948687
948646
948565
948553
948483
948393
948213
948147
948113
947890
947677
947314
947003
946456
946225
946199
946045
945792
945771
945666
945315
945198
945178
945171
945002
944912
944831
944813
944660
944655
944452
943892
943464
943461
943410
942923
942905
942875
942634
942550
942366
942320
942289
941976
941961
941956
941677
941353
941233
941033
940660
940612
940127
940061
940053
940014
939757
939681
939572
939513
939491
939442
939411
939313
939018
938972
938684
938393
937706
937478
937301
937172
937037
936567
935807
935694
935629
935461
935324
935279
935272
934491
934448
934419
933563
933164
932999
932655
932520
932190
931923
931711
931130
930866
930549
930310
930310
929783
929362
929061
928953
928739
928548
928392
928353
928208
927566
926961
926797
926716
926599
926471
926395
926230
926043
926002
925674
925637
925173
925168
924899
924777
924493
924250
924156
923961
923791
923688
923558
923546
923542
922998
922739
922557
922507
922440
922029
921779
921715
921712
921485
921461
921117
921093
921071
920962
920708
920374
919825
919823
919410
919225
918863
918805
918580
918360
918341
918300
917945
917878
917806
917180
916500
916277
916095
915943
915867
915707
915538
915526
915143
914912
914449
914254
913902
913884
913882
913804
913308
912956
912865
912768
912620
912616
912560
912451
911967
911550
911401
911023
910884
910803
910569
910522
910306
910100
910044
909933
909449
909185
909105
909015
908864
908803
908018
907808
907644
907297
906969
906658
906619
906580
906449
906275
905826
905660
905298
905021
904552
904387
903724
903167
902703
902295
902235
902126
902119
902031
901743
901644
901555
901321
901000
900983
900938
900893
900790
900696
900502
899352
899267
899238
899217
899089
898727
898658
898624
898529
898515
898103
897915
897728
897356
897302
897186
896985
896962
896822
896752
896482
896474
896286
895998
895610
895234
894995
894891
894615
894316
894045
893559
893333
893147
892756
892421
892044
891948
891472
891376
891241
891138
891133
891074
890984
890108
889921
889391
889263
889204
888767
888719
888648
888500
888214
888094
887915
887888
887733
886711
886519
886248
886016
885815
885795
885403
885298
885288
885211
885067
885001
884944
884621
884102
884081
883977
883929
883638
883326
883307
883078
883025
881950
881714
881423
880681
880581
880504
880498
880406
880201
879747
879588
879370
879269
879192
879023
878916
878796
878373
878160
877993
877962
877505
877413
877412
876718
876675
876565
876484
876384
876311
875463
875078
875070
874994
874855
874641
874521
874086
872861
872755
871800
871688
871541
871408
871238
870834
870691
870551
870540
870539
870435
870365
870299
870296
870173
869869
869599
869546
869522
869475
869396
869357
868883
868826
868676
868450
868425
868356
868355
868278
868144
868073
867966
867795
867730
867106
866791
866122
866087
866083
866013
865728
865670
865587
865572
864498
863853
863833
863679
863396
863079
863002
862451
862256
862146
862014
861778
861736
861639
861342
860809
860789
860720
860676
860335
860036
859489
859343
859233
859113
858975
858954
858710
858669
858666
858501
858447
858438
858382
858303
858080
857819
857725
857486
857480
857445
857440
857397
857346
857047
856989
856751
856743
855919
854924
854402
853543
853532
852697
852279
852103
852084
851987
851440
851385
850818
850661
850476
850309
849917
849885
849699
849535
849445
849028
848522
848309
848054
847978
847869
847273
846805
845863
845795
845722
845443
845316
845124
844844
844417
844279
844066
843881
843859
843461
843377
843192
842997
842889
842189
842177
841866
841801
841357
841317
840927
840750
840595
840594
840456
840402
840294
840233
840147
840109
839397
839202
839113
838947
838573
838505
838443
838212
838171
837997
837949
837758
837548
837226
837134
836770
836730
836451
835711
835561
834819
834539
834448
834357
834101
834069
833951
833931
833878
833820
833174
832911
832802
832784
832423
832320
832276
831906
831754
831309
831275
830988
830602
830559
830348
829799
829702
829654
829264
828787
828399
827748
827625
827513
827244
827240
827144
826795
826783
826758
826375
826287
825941
825926
825780
825673
825646
825286
825245
825245
825100
824763
824330
824215
824162
823805
823673
823635
823631
823598
823353
823302
823145
822977
822970
822677
822538
822378
822206
822045
822040
822027
822026
821905
821744
821690
821495
821276
821273
821222
820896
820836
820690
820665
820274
820089
820018
819919
819642
819204
819178
819145
818669
818557
818510
818421
818372
818358
818286
818249
818249
818152
818083
817641
817447
817317
817034
816882
816714
816059
816045
815833
815705
815173
815154
815022
814831
814796
814556
814525
814481
814408
814407
814087
813472
813350
813293
813247
813085
812772
812697
812673
812594
812587
812505
812274
812151
811853
811452
811151
810945
810761
810454
810330
810172
810099
809773
809697
808459
808072
807903
807517
807315
807217
807146
806886
806846
805066
804932
804648
804561
804302
804291
803613
803403
803397
803206
802480
802364
802227
802059
801178
801106
800967
800763
800604
800558
800278
800181
800157
800084
800045
799981
799814
799431
799257
799180
798945
798795
798450
798325
798210
798148
798133
797891
797402
797103
797058
796366
796148
796122
795455
794856
794812
794449
794289
794145
794108
793956
793884
793689
793061
792975
792625
792480
792447
792400
792393
791892
791712
791402
791339
791259
791070
790805
790766
790664
790499
790372
790368
790220
790185
790030
790020
789837
789704
789621
789577
789330
789214
789028
788902
788782
788682
788448
788411
787475
787094
786403
786250
786098
786097
786079
786030
785937
785865
785854
785709
785671
785452
785421
785265
784792
784625
784527
784318
784313
784101
783902
783547
783491
783242
782961
782346
782117
782093
782073
782012
781823
781743
781530
781121
781051
780882
780706
780341
780094
779809
779533
779363
779169
779035
778801
778031
777681
777598
777147
777121
776912
776710
776206
775855
775411
774900
774253
773629
773496
773414
773366
773207
773113
773112
773039
772984
772845
772649
772445
772433
772320
772071
772034
771887
771390
771381
771165
770957
770822
770724
770662
770446
770376
770280
769940
769867
769606
769063
768956
768450
768430
768154
768090
768037
767875
767715
767652
767647
767578
767358
766548
765725
765691
765306
765300
765227
764780
764471
764352
764199
764182
763903
763849
763778
763598
763482
763218
763091
762863
762652
762505
762263
762175
762158
762110
762099
761859
761791
761446
761318
761312
761191
761126
760914
760675
760645
760490
760354
760172
760153
759317
758933
758917
758483
757501
757174
757028
756466
755666
755545
754919
754735
754537
753854
753832
753823
753692
753363
753129
753004
752913
752894
752710
752518
752114
751969
751844
751503
750775
750432
750153
749803
749776
749578
748932
747714
747709
747148
747116
746825
746514
746348
746200
746093
746067
745820
745728
745649
745641
745328
744874
744211
744190
743863
743692
743508
743430
743429
743352
743280
743266
743190
742917
742914
742866
742341
742124
742016
741087
741068
740889
740462
740405
740373
740330
740106
739480
738875
738789
738776
738687
738500
737782
736846
736812
736713
736664
736276
735938
735919
735730
735488
735325
735103
734461
734385
734136
734132
734029
733997
733976
733851
733378
733308
733205
733188
733158
732608
732304
731800
731721
731254
731064
731013
730873
730818
730704
730660
730645
730543
730452
730346
730277
730269
729821
729819
729690
729549
729523
728739
728645
728434
728244
728243
728230
728153
728101
727740
727615
727047
727041
726402
726072
725804
725783
725643
724924
724799
724768
724646
724368
724237
724184
724129
724104
723693
723488
723300
723178
723090
723030
723029
722883
722547
722442
722332
722227
722140
721889
721781
721733
721518
721502
721491
720996
720852
720777
720735
720655
720591
720587
720514
720457
720352
720093
719858
719524
719520
719318
719263
719185
719035
718813
718756
718751
717809
717663
717531
717376
717343
717070
716879
716851
716712
716215
716118
715941
715864
715840
715699
715512
715263
715149
715077
715029
714991
714706
714598
714592
713919
713853
713669
713605
713393
712864
712766
712664
712648
712639
711892
711823
711790
711710
711603
711408
710935
710803
710717
710611
710597
710166
709805
709073
708656
708500
708067
707907
707613
707243
707025
706275
706254
706169
705766
705564
705237
704752
704525
704338
704315
704150
704003
703238
702804
702467
701852
701348
701187
701016
700397
700143
700058
699946
699674
699619
699294
699292
699178
698912
698593
698156
698135
697906
697858
697852
697316
695692
695672
695599
695399
695202
695144
694983
694956
694808
694451
694422
694388
694203
694054
694014
693998
693990
693922
693538
693029
693029
693001
692810
692317
692223
691966
691838
691831
691803
691138
690872
690484
690455
690398
690184
690180
690020
690014
689857
689838
689453
689337
689276
689274
689166
688795
688785
688281
688251
688208
687306
687267
687265
687161
687004
686967
686716
686652
686636
686586
686486
686436
686116
685743
685574
685518
685364
685185
684952
684826
684715
684650
684019
683902
683617
683347
683150
683074
682978
682906
682865
682497
681996
681880
681491
681255
680980
680854
680787
680590
680483
680439
680403
680036
679918
679487
679474
679413
679229
678509
678259
677730
677586
677423
676835
676588
676573
676548
676449
676247
676143
676000
675988
675910
675694
675598
675251
675134
674876
674721
674645
674489
674453
674170
674124
673907
673708
673604
673278
673276
673226
673110
673059
672712
672669
671979
671787
671787
671463
671182
670936
670855
670751
670626
670554
670205
670010
669963
669713
669480
669447
669187
669174
668815
668441
668193
668158
668133
668109
667550
667052
665852
665822
665731
665226
665027
664998
664344
664065
663702
663195
662588
662213
662166
662017
661636
661506
661506
661462
661439
661387
660073
660026
659916
659775
659473
659288
658997
658938
658178
658177
657535
657129
656924
656771
656467
656445
655949
655808
655783
655365
654761
654739
654714
654544
654462
654446
654344
654047
654031
653972
653501
653131
652655
652613
652284
652225
651929
651699
651668
651617
651250
651246
651181
650831
650825
650766
650745
650555
650393
650359
650134
650048
649932
649730
649702
649459
649290
649147
647833
647718
647514
647366
647258
647055
646883
646716
646684
646288
645913
645441
645185
645142
645026
644153
644060
643694
643449
643442
643133
642311
642131
642096
641852
641615
641424
640809
640760
640702
640243
640000
639672
639316
639243
639133
639089
639039
639023
638962
638828
638412
638392
638352
638189
638010
637963
637868
637536
636794
636781
636694
636532
636362
636122
635971
635960
635854
635826
635753
635669
635593
635554
635508
635402
635252
635094
635012
634991
634757
634694
634625
634465
634350
634177
634088
633791
633674
633609
633529
633037
632940
632830
632672
632650
632403
631627
631167
631027
630996
630841
630663
630525
630208
630146
629732
629544
629542
629499
629394
629388
629266
629245
629032
628830
628494
628439
628281
627958
627853
627688
627582
627283
627249
626986
626677
626612
626504
626343
626132
626129
626008
625996
625767
625704
625465
625062
625024
624993
624452
624298
624069
624003
623541
623376
623328
623235
623125
623085
622860
622543
622517
622229
621760
621346
621257
621224
621013
620431
620159
620052
620024
619926
619888
619880
619843
619753
619403
619369
619199
619060
617861
617808
617606
617368
616826
616611
616509
616477
616320
616031
615709
615365
614840
614171
614112
614024
613741
613538
613351
613082
613014
612450
612349
612007
611767
611691
611654
611252
610695
610540
610270
610254
610193
610185
610028
609922
609685
609459
609449
608965
608627
608491
607639
607544
607435
607332
607239
606667
606547
606362
606221
605485
605341
605328
604484
604406
604359
604210
604139
603624
603532
603012
602902
602801
602708
602671
602607
602435
602429
602075
601517
601450
601385
601364
601207
601202
601025
601009
600892
600884
600712
600694
600481
600390
600262
600240
600079
600039
599941
599373
599327
599296
599019
598681
598278
598170
598083
598079
597941
597593
597233
597080
596916
596877
596807
596721
596720
596499
596449
596440
596298
596001
595676
595364
595286
594937
594832
594624
594434
594149
593910
593777
593273
593205
593016
592888
592705
591887
591674
591657
591485
591126
591038
590957
590952
590769
590688
590558
590257
590033
589873
589829
589722
589663
589544
589455
588916
588635
588585
588387
588376
588296
588249
588230
587998
587704
587616
587598
587447
587410
587291
587284
586958
586878
586756
586737
586360
586326
586274
586027
585773
585706
585554
585150
584923
584796
584725
584426
584204
584089
584013
583655
583489
583427
583213
583014
582730
582568
582543
582499
582411
582210
582112
582111
581872
581651
581637
581544
580980
580869
580822
580765
580683
580606
580555
580327
579969
579801
578302
577956
577901
577704
577574
577573
577513
576930
576466
576328
576045
575903
575753
575724
575595
575503
575481
575434
575193
574761
574578
574527
574475
574470
574280
574007
574004
573370
573296
573268
573004
572883
572765
572746
572739
572540
572536
572477
572309
572308
572279
572019
571741
571702
571579
571344
571278
571005
570772
570739
570455
570407
569258
568547
568144
568038
567753
567491
567210
567135
567063
566934
566838
566620
566428
566266
566056
565723
564721
564695
564461
564318
563687
563284
563275
563212
562765
562522
562490
562131
561870
561789
561779
561745
561652
561462
561458
561236
560459
560280
559878
559458
559283
558072
557960
557622
557162
557096
556847
556683
556199
555631
555298
555155
555001
554944
554678
553973
553925
553925
553752
553588
553582
553496
553422
553363
553121
552976
552899
552746
552644
552522
551894
551819
551672
551666
551619
551465
551262
551128
550972
550900
550623
550489
549143
548961
548961
548340
548087
548022
547673
547635
547596
547398
547249
547150
547023
546895
546865
546786
546724
546680
546651
546614
546496
546360
546194
546021
545689
545376
545229
545113
544929
544533
544279
544147
543988
543634
543493
543328
543265
543188
543167
542981
542909
542218
541714
541339
540375
540283
540281
540153
540024
539999
539605
539106
539094
538905
538672
538475
538228
538048
537717
537068
537057
537028
536977
536665
536638
536565
536142
535890
535865
535782
535372
535354
534978
534542
534455
533953
533917
533338
533249
533233
533041
532924
532864
532781
532721
532664
532645
532616
532440
532409
532220
532205
532082
531595
531575
531379
531368
531321
531085
531037
530813
530556
530525
530302
530130
529897
529487
529296
528969
528887
528808
528612
528159
528120
528061
528027
527887
527778
527670
527617
527434
527222
526532
526245
525914
525440
525189
525063
524872
524217
524116
524101
523890
523807
523804
523475
523286
523088
523082
522991
522832
522615
522590
522445
521674
521591
521511
521304
521226
521203
520758
520719
520698
520663
520312
520094
520066
519945
519882
519226
519110
518910
518548
518410
518030
517985
517952
517817
517632
517359
517194
516054
516040
515891
515850
515818
515777
515671
515605
515585
515572
515090
514714
514693
514624
514606
514426
514176
513695
513459
513036
512685
512571
512534
512413
512197
511937
511834
511763
511552
511053
510935
510818
510783
510645
510522
510397
510371
510089
509809
509752
509721
508962
508808
508704
508415
508289
508063
507919
507750
507605
507272
507216
506862
506570
506450
506424
506222
506124
505725
505532
505485
505338
505312
505168
504943
504880
504856
504628
504546
504467
504345
504225
504194
504015
503899
503409
502935
502832
502654
502412
502320
502007
501827
501697
501588
501511
501286
501162
500872
499913
499734
499385
499278
499130
498847
498667
498534
498381
498309
498176
498154
497578
497550
497312
497251
496696
496570
496519
495640
495551
495286
495172
494688
494631
494149
494058
493494
493111
493057
492937
492822
492674
492282
492207
491965
491894
491633
491540
491358
491272
491082
490869
490797
490662
490108
489983
489673
489612
489354
489293
489239
489205
489040
488532
488511
488509
488076
487995
487465
486468
486464
486022
485914
485433
485230
484823
484482
484366
483980
483854
483629
483481
483370
482753
482594
482488
482439
482278
482236
482169
482086
481563
481334
481241
481097
480817
480817
480435
480213
480144
479921
479873
479870
479344
479337
479203
478898
478808
478545
478474
478356
478034
477875
477786
477200
477040
476900
476711
476695
476460
476456
476415
476414
476320
475856
475564
475423
475394
475385
475361
475286
474894
474750
474447
473781
473779
473639
473541
473337
473253
473189
473162
473080
472876
472458
472252
472024
471558
471488
471327
470861
470392
470332
470207
470195
470071
470066
469859
469734
469651
469440
469409
468996
468923
468749
468732
468389
468327
468189
468046
467837
467741
467467
467449
467443
467396
466811
466670
466192
465956
465678
465399
465384
465117
464495
462402
462273
462194
461991
461638
461355
461338
461161
460789
460783
460722
460300
460114
460078
460067
460023
459872
459704
459631
459550
459322
459088
458988
458822
458407
458352
458254
458068
457683
457682
457611
457549
457538
457329
457172
456333
456132
456093
456053
456031
455694
455690
455391
455239
454715
454291
454252
454009
453743
453735
453687
453026
452937
452849
452412
452254
452236
452013
451933
451714
451296
451004
450980
450876
450725
450507
450342
450061
449882
449826
449771
449748
449747
449509
449083
449076
448868
448698
448301
448225
448208
448140
448081
447790
447297
447160
447131
447082
446935
446882
446841
446785
446749
446349
446001
445979
445623
445550
445545
444909
444852
444778
444565
444541
444336
444321
444229
443896
443804
443631
443587
443532
443125
443105
442995
442820
442741
442607
442401
442379
442242
442063
441856
441845
441756
441681
441443
441316
441174
440365
440347
440136
440131
440076
439866
439809
439633
439585
439462
439346
439198
439040
438660
438298
438270
438204
438201
438129
438119
438072
438056
437861
437230
436590
436429
436397
436385
436384
436273
436229
435626
435358
434962
434921
434612
434530
434457
434293
434019
433684
433508
433240
433063
432671
432473
432457
431985
431490
431418
430908
430822
430525
430053
429308
429040
428961
428590
428487
427696
427487
426948
426841
426615
426601
426361
426015
425980
425777
425757
425750
425469
425334
425223
425019
424566
424313
423990
423720
423369
423041
422576
422564
422558
422512
421653
421636
421561
421538
421487
421091
420984
420494
420246
419985
419875
419844
419785
419113
418573
418076
417904
417520
416980
416819
416633
416631
416455
416406
416211
415801
415471
415468
415363
415321
415273
415230
415179
414577
414282
414251
414185
413717
413532
413439
413368
413258
412226
412197
412144
412140
411498
411423
411384
411139
411020
410514
409806
409720
409680
409481
409348
409111
409078
408645
408624
408446
408316
408226
407818
407811
407794
407461
407131
406940
406934
406884
406679
406659
406424
406382
406151
405192
405057
404903
404609
404507
404279
404207
404137
403939
403613
403359
403332
403194
403115
402937
402926
402350
401641
401145
401138
401130
401118
401080
401068
400425
400322
399635
399630
399490
399169
398776
398635
398604
398332
398307
398082
397901
397126
396794
396760
396402
396355
396325
396318
396161
396077
395022
394698
394527
394409
394134
393888
393672
393555
393442
393435
393425
393040
392998
392423
392150
392106
391871
391789
391735
391574
391521
391433
391139
391110
390807
390797
390736
390584
390339
389960
389807
389447
389106
388635
388618
388428
388402
387792
387762
387703
387663
387653
387588
387501
387420
387208
387122
386688
386450
386429
386377
386254
386078
385756
385436
385173
384755
384676
384608
384543
384494
384463
384043
384037
383976
383611
382721
382704
382696
382593
382458
382104
382006
381966
381927
381773
381421
381361
381254
381254
380351
380267
380208
380189
380139
379569
379528
379207
379158
379153
378307
377968
377403
377084
377060
377008
376591
376494
376055
376005
375734
375702
375467
375134
375094
375028
375014
374856
374590
374442
373863
373850
373788
373471
373375
373096
372926
372860
372344
372073
371851
371761
371757
371637
371594
371534
371409
371028
370901
370505
370398
370234
370199
369809
369801
369274
369219
369000
368966
368803
368798
368644
368298
368016
367712
367613
366422
365867
365663
365646
364622
364621
364509
364174
363720
363530
363433
363357
363200
363183
362538
361991
361810
361750
361612
361331
361178
361145
361048
360986
360941
360748
360526
360219
359706
358877
358860
358814
358719
357911
357660
357653
357651
357587
357221
356517
356502
356313
356211
355961
355603
355490
355466
355377
355359
355354
355190
354052
353926
353592
353330
352950
352910
352674
352641
352530
351895
351717
351483
351381
351019
350852
350839
350805
350717
350617
350431
350409
350322
350271
350171
349920
349850
349608
348895
348784
348644
348368
348352
347816
347783
347744
346964
346801
346379
346040
345998
345918
345714
345420
345245
345165
344864
344593
344517
344494
344471
344324
344004
343664
343571
343420
343346
343205
343165
342926
342834
342806
342654
342453
342448
342008
341697
341165
341007
340426
340045
340037
340011
339608
339573
339370
339174
339154
339023
338987
338859
338833
338579
338156
338142
337849
337718
337611
337004
336976
336828
336473
336431
336406
335686
335370
335310
335104
335062
334896
334394
334376
334092
333870
333763
333604
332974
332873
332829
332316
332250
331509
330756
330717
330710
330590
330476
330454
330217
330037
330027
330021
329595
329161
329080
328686
328528
328230
327753
326962
326902
326813
326510
326252
326141
326064
326037
325882
325821
325649
325347
325247
325164
325010
324153
324097
324081
324012
323768
323757
323668
323586
323468
323364
323206
322688
322112
322093
322025
322000
321910
321060
320950
320808
320158
319980
319804
319560
319532
319409
318933
318645
318578
318414
318394
318317
318271
318129
317997
317964
317259
317119
316987
316824
316719
316429
316331
316023
316010
315898
315432
315418
315306
315088
315059
314706
314455
314369
314259
314208
313997
313962
313933
313595
313421
313319
313023
313016
312934
312533
312494
312216
311796
311630
311497
311442
310935
310432
310348
310297
309903
309641
309583
309221
309145
308975
308296
307814
306965
306938
306814
306717
306583
306014
305999
305486
305407
305355
304988
304777
304646
304588
304491
304402
304290
304250
304226
304202
303980
303684
303065
302827
302534
302229
302226
301917
301831
301436
300964
300944
300732
300692
300521
300301
300099
299355
299302
299004
298868
298393
298365
298346
297873
297719
297611
297536
297504
297442
297307
297002
296999
296630
296006
295945
295936
295658
295129
294715
294467
294443
294216
293246
293080
292928
292638
292501
292354
292143
291937
291889
291860
291822
291725
291369
290875
290849
290728
290587
290451
290387
290321
290264
290178
289756
289674
289254
289243
289115
288688
288652
288550
288129
288096
288051
287968
287707
287533
287451
287303
287226
287119
286877
286773
286622
286605
286424
286250
286117
286063
285540
285443
284562
284420
284356
284115
284039
283444
283299
283235
283192
282889
282835
282802
282706
282642
282530
282299
282251
281875
281221
281220
280754
280753
280745
279924
279679
279456
279412
279406
279022
278920
278623
278453
278275
278100
277653
277621
277026
276962
276656
276376
276333
276171
276139
275850
275825
275820
275747
275525
275485
275232
275220
275200
275192
274903
274424
273479
273431
273411
272790
272731
271911
271788
271773
271699
271652
271477
271441
271400
271261
271131
271070
271066
271014
270723
270482
270396
269876
269690
269550
269279
269078
269054
268981
268484
268362
268240
267771
267530
267066
266767
266727
266338
266107
266037
265865
265493
264805
264755
264707
264542
264421
264291
263926
263892
263680
263596
263340
263233
263207
263055
262724
262427
262343
262262
262226
262134
261915
261689
261237
260677
260397
260289
260264
260258
260217
260156
259822
259764
259559
259206
259008
259007
258933
258578
258394
257725
257655
257630
257613
257521
257503
257472
257376
256932
256711
256546
256408
256080
255992
255971
255794
255783
255672
255600
255595
255352
255188
255082
254613
254560
254495
254487
254258
254190
254123
254005
253827
253716
253255
253210
253122
252736
252732
252704
252564
252546
252427
252336
252244
252004
251753
251722
251721
251634
251550
251264
251237
251082
250874
250825
250684
250384
250197
250133
250119
250028
249794
249364
249023
248913
248805
248758
248647
248469
248264
247703
247532
247507
247414
247129
246928
246818
246596
246206
246186
245860
245677
245318
245186
245057
244637
244588
244544
244294
244252
244249
244248
244052
244046
243659
243657
243530
243333
243198
242173
242008
241800
241489
240933
240498
240490
240202
240051
239575
239209
239052
238879
238766
238734
238075
237909
237512
237450
237374
237044
237017
236983
236741
235975
235959
235412
234822
234439
234403
234257
234073
233818
233743
233450
233157
233114
232916
232795
232741
232474
232385
232295
232082
232056
231996
231816
231482
231428
231287
230889
230612
230594
230410
230363
230178
230098
229850
229566
229499
229199
229113
228898
228615
227553
227064
226983
226978
226770
226766
226704
226557
226413
226264
225847
225738
225659
225415
224982
224891
224846
224731
224581
224492
224169
224132
223759
223732
223441
223348
223221
223178
222900
222409
222298
222088
221477
221439
221157
220936
220913
220708
220602
220309
220234
220208
219660
219510
218797
218675
218489
218360
218289
218081
218025
217827
217594
217413
217396
217042
216795
216789
216621
216407
215937
215497
215480
215310
215007
214968
214786
214511
214322
214306
214271
214059
213878
213606
213575
213374
212889
212763
212552
212531
212376
211039
210767
210612
210459
210414
210379
210374
209871
209203
209011
207799
207750
207709
207677
207572
207387
207154
206735
206717
206503
205833
204962
204951
204743
204461
204299
204263
204148
204126
203862
203704
203699
203679
203555
203519
203302
203069
202933
202802
202694
202455
202191
202058
201969
201965
201852
201767
201294
201172
201099
201057
200952
200829
200553
200448
200352
200169
200168
200068
199994
199842
199763
199695
199619
199616
199507
199370
199208
198966
198591
198505
198395
198321
197886
197629
197470
197164
196957
196883
196552
195923
195919
195547
195425
195365
195072
194692
194509
194121
193970
193754
192822
192712
192584
192327
192313
192154
192137
192034
192002
191842
191802
191708
191502
191464
191252
190931
190908
190808
190518
190124
190105
189736
189511
189365
188676
188330
188026
187940
187927
187656
187601
187341
187316
187004
186548
186381
186312
186160
186133
185745
185606
185417
184801
184464
184345
184303
184296
184052
183889
183274
183271
182923
182639
182579
182421
182404
182373
182079
181788
181678
181673
181615
181200
180996
180387
180186
180015
179761
179312
179282
179060
178922
178773
178690
178665
178663
178612
178540
178412
178343
178165
177281
176990
176875
176483
176294
176121
175374
175250
174591
174525
174463
174443
174381
174242
173970
173842
173742
173646
173434
173130
173124
173069
173002
172954
172841
172370
172239
171864
171847
171723
171714
171557
171373
171020
170811
170616
170458
170354
169556
168994
168951
168927
168848
168788
168778
168619
167921
167871
167839
167815
167058
166412
166187
166177
166056
165598
165353
165296
165068
164937
164763
164631
164584
164515
164223
164180
163919
163317
163288
163127
163042
162579
162288
162204
161900
161889
161781
161743
161614
161520
161431
161127
160816
160612
160540
160482
159880
159737
159377
159128
158871
158824
158664
158661
158569
158469
158401
157443
157401
157221
157198
157147
156946
156885
156788
156743
156619
156482
156156
155417
155401
155380
155351
155344
155227
155218
155126
154748
154602
154099
154049
153875
153820
153772
153621
153620
153345
153335
152896
152691
152441
152253
151916
151547
151510
151437
151345
150879
150651
150530
150229
150203
150108
149453
148766
148002
147742
147587
147410
147344
147334
147316
147045
146975
146779
146617
146413
146249
145968
145960
145937
145703
145587
145561
145536
145160
145106
145022
144675
144645
144515
144381
144159
143541
142755
142600
142593
142340
142279
142087
141806
141664
141632
141475
141255
140996
140986
140946
140875
140843
140738
140285
140225
140060
139790
139727
139695
139643
139545
139301
139114
138990
138953
138851
138848
138815
138796
138709
138660
138619
138457
138334
137685
137551
137222
137086
136572
136416
136341
136059
136001
135969
135911
135590
135543
135541
135538
134955
134934
134930
134570
134560
134393
133757
133688
133451
133359
132836
132572
132512
132349
132159
131842
131768
131679
131638
131417
131191
131005
130802
130339
129946
129768
129394
128968
128956
128798
128723
128452
127778
127476
126946
126806
126197
126126
125941
125876
125587
125439
125380
125374
125271
125205
125119
125089
125061
124683
124543
124274
124180
124151
124042
123873
123325
123260
123014
122902
122771
122723
122622
122331
122330
122002
121953
121408
121397
121203
120874
120457
120439
120412
120267
120044
119172
119123
119070
119009
118883
118582
118437
118100
117738
117028
116546
116134
115839
115829
115742
115449
114970
114688
114406
114382
114090
113913
113632
113616
113546
113508
113456
113253
112498
112430
112328
112307
112002
111879
111867
111758
111622
111395
111228
111060
110965
110857
110717
110498
110494
110382
110350
110152
110037
109937
109895
109619
109308
108609
108516
108379
108257
107999
107378
107344
107308
107292
106930
106806
106700
106615
106358
106038
105856
105841
105783
105428
105312
105242
104728
104650
104154
104077
103757
103668
103380
103305
103256
103251
103059
102823
102773
102761
102750
102717
102589
102444
101723
101455
101388
101049
100678
100621
100585
100520
100135
99955
99955
99073
98975
98732
98526
98371
98299
98123
98001
97590
97544
97495
97487
97481
97205
96892
96876
96865
96804
96684
96578
96556
96118
95857
95694
95416
95362
95223
95199
95051
94583
94546
94315
94196
94082
94052
93811
93780
92393
92363
92148
92127
91577
91427
91330
91274
91234
91160
90827
90636
90317
90102
89968
89943
89773
89157
89075
88843
88192
87971
87970
87588
86960
86128
85967
85856
85678
85437
85257
85202
84899
84247
84211
83976
83451
83348
83251
82850
82594
82552
82288
82037
81862
81612
81158
81118
80852
80708
80014
80010
79874
79828
79650
79628
79385
78798
78434
78413
78358
78156
78094
78080
78036
77775
77753
77733
77432
77270
77182
77095
76997
76916
76809
76599
76448
75959
75792
75542
75294
75245
75039
74945
74821
74771
74767
74615
74562
74555
74289
73837
73286
73250
72928
72730
72379
72342
72178
72010
71627
71431
71083
71076
71044
70872
70645
70408
70340
70332
70309
70097
69915
69766
69593
69561
69290
69171
69045
68792
68784
68680
68548
68448
68425
68032
67535
67195
67136
66915
66722
66647
66362
66334
66268
66199
66113
66110
65807
65684
65636
65226
64979
64932
64702
64690
64468
64286
64245
63515
63321
62825
62616
62462
62186
61900
61898
61628
61592
61300
61057
60957
60949
60905
60880
60806
60127
60066
59751
59577
59574
59418
59323
59284
58714
58658
58632
58585
58484
58187
57948
57814
57586
57262
56977
56701
56688
56656
56638
56615
56598
56093
55963
55908
55871
55711
55685
55619
55586
55434
55271
55160
55088
55030
54875
54820
54649
54423
54045
53753
53454
53382
53311
53195
53033
52805
52029
51861
51631
51614
51397
51308
50637
50541
50497
50366
50191
49887
49571
49346
48867
48818
48338
47726
47444
47334
46796
46408
45983
45583
45288
45096
45020
44732
44621
44531
44443
43982
43962
43823
43237
43124
43082
42608
42200
42187
42130
42081
41557
41350
40973
40887
40601
40144
40111
40054
39836
39163
39155
38976
38842
38840
38786
38724
38365
38273
38221
37712
37540
37499
37457
37406
37291
36759
36730
36481
36425
36322
36319
36131
36127
36113
36083
36077
36069
35944
35884
35869
35770
35073
34746
34629
34470
34385
34237
34050
34050
34026
33807
33699
33440
33399
32981
32894
32852
32154
32068
31911
31898
31817
31711
31575
31084
31070
31029
30908
30361
30219
30103
29643
29463
28888
28657
28357
27991
27794
27560
27489
27356
26993
26736
26710
26537
26235
26056
25773
25611
25598
25446
25189
25091
25038
24729
24458
24441
24426
23966
23878
23776
23698
23657
23449
23235
22961
22543
22478
22023
22023
21991
21693
21470
21454
21246
21224
21034
20928
20789
20696
20686
20296
20171
19929
19907
19789
19606
18911
18883
18711
18444
18407
18230
17978
17814
17771
17716
17424
17150
16935
16875
16662
16458
16180
16078
16012
15779
15773
15656
15645
15471
15437
15334
15259
14966
14283
14279
13947
13938
13767
13439
13257
13237
13210
13132
12753
12714
11638
11078
10538
10406
10405
9880
9851
9432
9330
9195
8915
8697
8376
8318
8201
8132
7878
7700
7454
7111
7050
6568
6566
6263
6112
6082
6053
5986
5917
5513
5475
5146
5143
5027
4910
4799
4714
4573
4526
4057
4021
3399
3376
3230
3217
3167
3119
2999
2664
2346
2022
1943
1585
1558
1499
1328
1278
916
749
675
562
553
319
191
180
111
89
-50
-235
-517
-956
-1504
-1567
-1877
-1910
-2018
-2188
-2554
-2650
-3151
-3501
-3590
-3795
-4164
-4374
-4815
-4961
-5098
-5165
-5249
-5349
-5473
-5823
-6336
-6513
-6640
-6738
-6758
-7376
-7695
-8308
-8571
-8736
-8897
-8927
-9090
-9703
-10004
-10249
-10339
-10800
-11005
-11040
-11064
-11112
-11272
-11635
-11813
-13063
-14305
-14505
-14715
-15344
-15572
-15610
-15855
-16062
-16141
-16277
-16299
-16442
-16567
-16719
-16748
-17038
-17596
-17928
-17969
-17981
-18037
-18074
-18270
-18430
-18867
-18878
-18892
-18917
-18949
-19173
-19353
-19628
-20003
-20280
-20803
-20806
-20842
-20904
-21058
-21483
-21953
-21961
-22127
-22501
-22946
-23157
-23250
-23370
-23449
-23746
-23796
-24018
-24156
-24171
-24195
-24247
-24308
-24483
-24500
-24726
-24880
-24966
-25340
-25487
-25555
-25562
-25759
-25774
-25965
-26037
-26245
-26315
-26908
-27099
-27303
-27478
-27704
-27828
-27896
-27940
-27968
-28134
-28539
-28580
-28706
-28855
-29068
-29322
-29962
-30038
-30318
-30510
-30838
-30950
-31133
-31200
-31540
-31942
-32285
-33105
-33407
-33548
-33701
-34714
-34778
-34977
-35778
-35992
-36178
-36275
-36446
-36477
-36608
-36747
-37003
-37047
-37410
-37744
-37797
-37880
-37921
-38054
-38064
-38834
-39236
-39279
-39861
-40565
-40728
-40873
-41046
-41137
-41231
-41410
-41688
-41790
-42192
-42387
-42577
-42639
-42684
-42927
-43066
-43089
-43116
-43274
-43342
-43660
-43691
-43779
-43830
-44302
-44443
-44455
-44604
-44624
-44664
-45042
-45450
-45653
-45697
-46070
-46099
-46890
-46932
-47648
-48804
-48823
-48904
-49004
-49011
-49133
-49268
-49327
-49773
-49774
-49934
-50153
-50273
-50297
-50554
-50591
-50882
-50909
-51027
-51034
-51050
-51203
-52117
-52271
-52518
-52566
-52788
-53014
-53123
-53186
-53245
-53643
-54426
-54528
-54775
-54920
-54984
-55204
-55275
-55317
-55487
-55609
-55776
-56125
-56308
-56495
-56733
-57195
-57365
-57463
-57571
-57950
-57993
-58109
-58247
-58702
-58737
-58760
-58982
-58982
-59030
-59207
-59284
-59351
-59606
-59662
-59950
-60015
-61141
-61157
-61474
-61490
-62128
-62784
-62837
-62862
-63057
-63353
-63388
-63427
-63901
-64101
-64171
-64283
-64437
-64440
-64469
-65434
-65668
-65768
-66162
-66232
-66268
-66374
-66481
-66587
-66643
-66660
-66849
-66985
-67726
-67838
-67866
-67903
-68250
-68429
-68442
-68686
-68899
-69213
-69306
-69336
-69798
-69883
-69904
-69945
-70287
-71006
-71684
-71702
-71903
-71931
-72080
-72113
-72178
-72425
-72593
-73120
-73193
-73461
-73543
-73709
-74108
-74350
-74354
-74826
-75057
-75064
-75111
-75474
-75616
-75673
-75873
-75879
-75933
-76067
-76099
-76793
-76830
-77226
-77422
-77946
-78294
-78310
-78754
-79348
-80098
-80515
-80543
-80577
-80682
-80774
-81397
-81516
-81529
-81881
-82503
-82602
-82652
-83100
-83485
-83515
-83713
-83754
-84161
-84252
-84424
-84985
-85030
-85593
-86245
-86372
-86409
-86469
-86750
-87281
-87654
-87794
-87830
-88194
-88506
-88508
-88529
-88759
-88771
-88822
-89016
-89474
-89638
-90026
-90133
-90145
-90256
-90257
-90954
-91023
-91371
-91558
-92073
-92172
-92253
-92300
-92393
-92409
-92699
-92739
-92852
-92899
-92967
-93049
-93079
-93295
-93406
-93550
-93660
-93726
-93986
-94043
-94391
-94451
-94533
-94544
-94888
-94943
-94999
-95167
-95524
-95679
-96293
-97075
-97087
-97266
-97428
-97528
-97867
-98071
-98260
-98272
-98360
-98459
-99065
-99597
-99647
-99726
-99897
-100324
-100715
-100747
-100923
-101192
-101196
-101348
-101515
-101532
-101544
-101762
-101889
-102751
-102774
-102816
-103224
-103371
-103404
-103441
-103486
-103523
-103540
-103678
-103905
-103961
-104089
-104236
-104254
-104723
-104881
-105388
-105637
-105638
-105924
-106237
-106264
-106611
-106758
-106835
-106865
-107161
-107334
-107600
-107683
-108213
-108403
-108507
-108553
-108562
-109375
-109428
-109469
-109537
-110114
-110196
-110311
-110400
-110483
-110995
-111124
-111444
-111482
-111672
-111781
-111867
-112047
-112142
-112485
-112532
-112535
-112916
-113060
-113433
-113439
-113503
-113802
-113862
-114855
-114948
-114983
-115006
-115023
-115262
-115436
-115575
-115864
-116086
-116556
-116886
-117031
-117087
-117276
-117371
-117579
-117685
-117831
-118113
-118265
-118356
-119110
-119130
-119907
-120128
-120414
-120523
-120550
-120681
-121379
-122002
-122266
-122604
-123190
-123238
-123278
-123326
-123504
-123655
-124130
-124210
-124343
-124382
-124396
-124704
-125060
-125066
-125182
-126056
-126226
-126238
-126273
-126591
-126976
-127251
-127561
-127659
-128373
-128580
-129037
-129047
-129296
-129303
-129723
-129861
-130021
-130580
-130615
-130648
-130785
-130948
-131625
-131848
-132177
-132275
-132278
-132473
-132588
-132622
-132634
-132742
-132802
-132851
-133124
-133482
-133728
-133784
-133975
-134033
-134071
-134161
-134234
-134264
-134347
-134381
-134576
-134634
-134668
-135007
-135171
-135193
-135278
-135354
-135364
-135377
-135425
-135630
-135879
-136079
-136081
-136116
-136494
-136575
-136731
-137704
-137716
-137840
-137871
-138669
-139235
-139419
-139431
-139666
-139930
-140118
-140282
-140497
-140579
-141077
-141190
-141235
-141255
-141292
-141385
-141611
-141641
-142028
-142427
-142436
-142822
-142874
-143196
-143400
-144303
-144319
-144357
-144418
-144745
-144945
-145687
-145716
-146028
-146099
-146520
-146917
-147120
-147155
-147254
-147378
-147456
-147575
-147819
-147989
-148105
-148205
-148449
-148461
-148544
-148790
-148880
-148889
-148962
-148982
-149018
-149116
-149156
-149425
-149580
-149595
-149646
-149773
-149926
-150036
-150080
-150758
-150785
-150799
-151407
-151623
-152261
-152411
-152531
-152893
-152894
-153009
-153071
-153133
-153706
-153724
-154181
-154479
-154689
-154954
-154998
-155283
-155355
-155633
-155812
-155824
-155937
-155940
-156022
-156144
-156369
-156520
-156602
-156820
-157293
-157598
-157809
-157946
-157956
-158002
-158131
-158143
-158203
-158316
-158477
-158858
-159143
-159268
-159391
-159413
-159578
-159783
-160110
-160807
-160821
-160844
-160905
-161062
-161095
-161156
-162387
-162672
-162696
-162720
-162754
-163204
-163320
-163581
-163798
-163923
-163970
-164062
-164084
-164170
-164491
-164548
-164677
-164712
-164768
-164873
-165082
-165090
-165155
-165423
-165431
-165590
-165732
-165840
-166001
-166071
-166346
-166388
-166422
-166437
-166663
-167351
-167811
-168270
-168508
-168840
-169230
-169313
-169369
-169379
-169537
-169589
-169737
-169854
-169879
-169948
-170141
-170259
-170375
-170975
-171037
-171113
-171283
-171457
-171551
-171661
-171958
-172008
-172011
-172348
-172757
-172807
-173207
-173457
-173500
-173923
-174125
-174212
-174596
-174969
-175144
-175158
-175274
-175427
-175526
-175556
-175849
-175997
-176048
-176545
-176615
-176928
-177080
-177080
-177175
-177388
-177449
-177970
-177994
-178155
-178195
-178302
-178679
-179420
-179613
-179773
-180165
-180413
-180426
-180825
-180936
-181054
-181614
-182037
-182116
-182134
-182345
-182491
-182557
-183122
-183291
-183504
-183507
-183726
-184082
-184533
-184538
-184655
-185157
-185178
-185211
-185341
-185460
-186042
-186106
-186333
-186841
-186993
-187195
-187466
-187550
-188085
-188126
-188178
-188195
-188342
-188651
-188778
-188931
-188969
-188994
-188998
-189058
-189229
-189650
-189773
-189849
-189947
-190077
-190196
-191087
-191127
-191201
-191225
-191240
-191369
-191479
-191711
-192252
-192269
-192299
-192381
-192491
-192764
-192923
-193404
-193427
-193558
-193572
-194152
-194182
-194760
-194847
-194888
-195206
-195301
-195635
-195758
-196385
-196457
-196537
-196585
-196658
-196844
-196917
-197548
-197626
-197652
-197690
-197693
-197720
-198014
-198114
-198492
-198615
-198769
-198806
-198849
-198943
-199014
-199169
-199233
-199287
-199339
-199384
-200257
-200587
-200653
-200831
-201056
-201126
-201837
-202511
-202700
-202896
-202921
-203297
-203393
-203763
-203765
-203813
-203911
-204331
-204355
-204605
-204847
-205121
-205347
-205495
-205590
-205591
-205948
-206666
-206770
-206940
-207029
-207109
-207112
-207315
-207328
-207339
-207681
-207805
-207812
-208169
-208295
-208617
-208638
-209076
-209600
-209827
-210952
-211052
-211410
-211518
-211561
-211819
-211944
-212271
-212385
-212424
-212431
-212489
-213827
-213993
-214159
-214726
-215254
-215772
-216042
-216224
-216707
-216724
-216765
-216989
-217137
-217402
-217934
-218674
-218760
-219089
-219461
-219487
-220070
-220278
-220525
-220571
-221467
-221539
-222438
-222506
-222870
-222871
-222910
-223017
-223202
-223213
-223365
-223825
-223932
-224021
-224182
-224187
-224313
-224611
-224697
-224822
-224934
-225031
-225033
-225195
-225366
-225617
-225765
-225766
-225813
-225841
-225974
-226004
-226198
-226401
-226523
-226646
-226768
-227117
-227453
-227523
-227553
-227602
-227677
-227695
-227776
-228066
-228143
-228393
-228883
-228976
-229251
-229874
-230019
-230234
-230319
-230374
-230479
-230611
-230841
-230909
-230999
-231183
-231264
-231659
-231860
-232346
-232436
-232648
-232701
-232729
-232901
-232940
-232946
-233006
-233071
-233073
-233175
-233373
-233392
-233562
-233818
-234368
-234526
-234749
-235347
-235362
-235650
-236006
-236011
-236091
-236117
-236251
-236740
-236931
-236958
-237052
-237111
-237265
-237856
-238255
-238528
-238704
-239097
-239149
-239734
-239913
-240095
-240223
-240312
-240769
-241226
-241234
-241237
-241554
-241696
-241843
-241948
-242166
-242433
-242441
-242515
-242646
-242966
-242973
-243127
-243188
-243345
-243405
-243531
-243596
-243613
-244090
-244440
-245027
-245347
-245445
-245505
-245549
-245587
-245636
-245794
-245905
-246145
-246192
-246238
-246359
-246424
-246589
-246942
-247233
-247327
-247415
-247729
-247783
-248251
-248616
-248659
-248798
-248879
-249035
-249102
-249204
-249642
-249921
-250266
-250424
-250677
-250777
-250883
-251036
-251818
-251947
-252024
-252043
-252244
-252263
-252387
-252417
-252540
-252968
-253144
-253489
-253616
-253707
-253851
-253880
-254017
-254092
-254295
-254318
-254523
-254691
-255046
-255113
-255165
-255315
-255354
-255636
-255725
-255899
-256044
-256046
-256745
-257043
-257229
-257533
-257565
-257663
-257739
-257839
-258402
-258475
-258640
-258652
-258700
-258746
-259020
-259127
-259182
-259276
-259430
-259548
-259635
-259743
-259804
-260141
-260352
-260471
-260509
-260762
-260843
-261377
-261399
-261702
-261754
-261966
-262092
-262200
-262240
-262428
-262681
-262756
-262878
-263175
-263320
-263423
-263556
-263673
-263745
-264104
-264105
-264154
-264213
-264231
-264629
-264807
-264906
-264924
-264988
-265003
-265278
-265654
-265708
-265828
-266041
-266384
-266862
-267086
-267446
-267844
-268428
-268560
-268816
-268872
-268887
-269166
-269239
-269694
-269920
-270462
-270580
-271799
-271949
-272676
-272690
-272726
-273044
-273051
-273078
-273086
-273382
-273490
-273667
-273740
-274099
-274462
-274480
-274614
-274895
-275258
-275439
-275492
-275672
-275706
-276208
-276668
-276679
-276930
-277079
-277196
-277556
-277559
-277762
-277855
-277880
-277893
-278491
-278548
-278712
-278886
-278929
-279069
-279083
-279280
-279289
-279359
-279497
-279868
-280038
-280541
-280543
-280623
-280695
-280772
-280982
-281260
-281446
-281826
-282164
-282192
-282209
-282403
-282884
-282974
-282987
-282997
-283020
-283077
-283129
-283219
-283227
-283296
-283502
-283905
-284110
-284241
-284471
-284651
-284702
-285163
-285244
-285453
-286345
-286441
-286646
-286996
-287015
-287290
-287359
-287430
-288263
-288269
-288586
-289105
-289176
-289277
-289284
-289356
-289445
-289803
-289819
-289876
-289923
-290097
-290124
-290364
-290519
-290724
-291163
-291176
-291373
-291506
-291514
-292109
-292221
-292402
-292840
-293353
-293388
-293428
-293470
-293530
-293748
-294212
-294290
-294296
-294486
-294870
-294947
-295002
-295032
-295691
-295766
-295777
-295898
-296101
-296201
-296251
-296515
-296997
-297017
-297030
-297062
-297531
-297565
-297902
-297926
-298059
-298387
-298517
-298665
-298893
-298965
-299092
-299748
-299808
-299993
-300290
-300337
-300369
-300391
-300728
-301774
-301806
-302136
-302469
-302945
-303020
-303282
-303351
-303437
-303755
-304236
-304531
-304605
-304608
-304640
-304799
-304996
-305223
-305529
-305581
-305686
-306305
-306619
-306708
-306727
-306905
-307868
-308485
-308564
-308621
-308713
-308763
-308977
-309639
-310162
-310230
-310373
-310721
-310728
-310911
-310960
-311097
-311118
-311483
-311627
-311709
-311743
-311813
-312053
-312149
-312381
-313423
-313787
-313799
-313895
-313984
-314078
-314248
-314404
-314414
-314497
-314505
-314554
-314778
-314811
-314929
-315151
-315340
-315588
-315746
-315859
-315864
-316013
-316242
-316272
-316288
-316701
-316757
-316772
-317102
-317148
-317571
-317606
-317615
-317908
-318076
-318318
-318591
-318603
-318915
-319070
-319100
-319205
-319391
-319551
-319690
-320206
-320462
-321086
-321276
-321545
-321972
-322103
-322396
-322898
-323024
-323120
-323253
-323336
-324161
-324343
-324747
-325457
-325585
-325672
-325884
-326083
-326142
-326282
-326285
-326466
-326797
-326968
-327213
-327626
-328630
-328727
-328737
-328763
-328926
-329119
-329195
-329638
-329693
-329743
-329929
-330015
-330428
-330597
-330823
-331262
-331394
-331526
-331823
-331907
-332012
-332270
-332596
-332933
-333056
-333438
-333628
-333715
-334251
-334544
-334650
-334681
-334764
-335277
-335392
-335520
-335615
-335627
-335769
-335857
-335909
-336201
-336214
-336313
-336401
-336423
-336624
-336882
-337040
-337407
-337491
-337757
-338091
-338306
-338321
-338408
-338586
-338788
-338961
-339104
-339152
-339193
-339462
-340013
-340136
-340197
-340367
-340407
-340549
-340610
-340740
-340937
-341157
-341340
-341439
-341479
-341558
-341656
-341907
-342060
-342099
-342271
-342968
-343139
-343214
-343229
-343419
-343688
-343850
-344173
-344557
-345240
-345327
-345339
-345434
-345451
-345541
-345837
-347392
-347733
-347999
-348052
-348144
-348415
-348485
-348580
-349347
-349358
-349913
-349918
-349998
-350018
-350122
-350315
-350324
-350389
-350870
-350973
-351352
-351834
-352327
-352382
-352775
-353201
-353503
-353506
-353685
-353775
-353822
-353869
-353961
-354355
-354589
-354663
-354766
-355171
-355401
-355413
-355466
-355595
-355942
-356180
-356273
-356403
-356493
-356623
-356730
-357215
-357300
-357661
-357718
-357880
-357892
-357949
-358069
-358253
-358287
-358455
-358639
-358922
-359260
-359324
-359542
-359569
-359727
-359764
-359775
-360287
-360608
-360660
-360916
-361041
-361046
-361334
-361642
-361670
-362028
-362260
-362754
-363223
-363244
-363993
-364008
-364113
-364140
-364469
-364566
-365014
-365105
-365256
-365459
-365552
-365608
-366136
-366324
-366459
-366543
-366677
-367091
-367151
-367240
-367381
-367817
-367893
-368120
-368236
-368612
-368654
-369157
-369297
-369607
-370117
-370122
-370175
-371179
-371275
-371759
-372308
-372604
-372845
-373917
-374179
-374308
-374488
-374781
-374892
-374972
-375050
-375437
-375468
-375841
-375995
-376682
-376854
-377413
-377650
-378040
-378723
-378950
-379026
-379238
-379317
-379527
-379527
-379859
-379981
-379990
-380041
-380385
-380581
-380718
-380822
-380828
-380833
-380928
-381279
-381420
-381742
-381884
-382135
-382262
-382357
-382551
-382575
-383147
-383202
-383270
-383385
-383385
-384256
-384446
-384448
-384770
-384821
-384840
-385092
-385253
-386184
-386230
-386356
-386478
-387071
-387481
-387761
-387810
-388128
-388568
-388595
-388680
-388696
-388937
-389070
-389384
-389501
-389674
-389788
-390079
-390230
-391341
-391389
-391398
-391552
-391780
-391933
-392156
-392166
-392262
-392830
-392933
-393141
-393510
-393566
-393566
-393775
-394156
-394528
-394600
-394609
-394739
-394839
-395281
-395377
-395668
-395964
-396109
-396175
-396179
-396516
-396586
-396708
-396919
-397074
-397126
-397365
-397380
-398171
-398461
-398795
-399104
-399341
-399816
-399960
-400010
-400022
-400118
-400161
-400255
-400669
-400678
-401003
-401018
-401056
-401244
-401586
-402041
-402091
-403129
-403318
-403383
-403588
-403668
-403707
-403902
-404213
-404370
-404388
-404550
-404557
-404647
-404661
-405156
-405468
-405610
-406132
-406378
-406479
-406589
-406619
-406633
-407320
-407494
-407562
-407809
-408060
-408089
-408096
-408214
-408305
-408457
-408599
-408700
-408724
-409077
-409194
-409461
-409745
-409910
-410067
-410184
-410192
-410253
-410339
-410508
-410719
-410882
-410911
-411284
-411298
-411388
-411461
-411661
-411945
-412158
-412536
-412859
-413059
-413159
-413668
-413917
-414264
-414273
-414326
-414362
-414643
-415016
-415100
-415123
-415197
-415512
-415687
-415925
-416154
-416398
-416481
-416587
-416943
-417282
-417328
-417342
-417356
-417681
-417712
-417715
-417746
-417861
-418841
-419145
-419179
-419224
-419344
-419371
-419441
-419816
-420258
-420518
-420560
-420674
-420823
-420869
-420965
-420997
-421069
-421148
-421806
-421843
-422156
-422870
-422880
-422961
-423515
-423543
-423628
-423737
-423868
-423896
-423900
-424336
-424488
-424600
-424775
-424788
-424866
-424943
-425119
-425286
-426134
-426446
-427008
-427809
-427848
-427866
-427952
-427993
-428344
-428629
-428887
-429254
-429319
-430079
-430196
-430886
-431074
-431268
-431330
-431431
-431524
-431706
-431866
-432034
-432230
-433161
-433577
-433696
-433951
-434138
-434587
-434628
-434843
-434975
-435476
-435509
-435559
-435685
-436124
-436471
-436531
-436550
-436611
-436647
-436706
-436832
-437646
-437835
-437890
-438196
-438253
-438254
-438520
-439254
-439255
-439377
-439398
-439683
-440545
-440659
-440846
-441173
-441253
-441269
-441326
-441335
-441940
-442187
-442745
-443034
-443262
-443512
-443512
-443522
-443871
-444150
-444524
-444937
-445273
-446439
-446614
-446758
-446954
-447050
-447259
-447434
-447445
-447455
-447912
-447971
-448253
-448261
-448503
-448590
-448653
-448707
-448880
-448927
-449024
-449151
-449175
-450033
-450107
-450116
-450697
-450841
-451308
-451342
-451397
-451479
-451562
-451686
-451767
-451801
-452136
-452293
-452728
-452804
-453275
-453405
-453711
-453974
-454077
-454160
-454167
-454332
-454500
-454584
-454669
-454713
-455276
-455823
-456227
-456435
-456794
-457329
-457545
-457771
-457924
-458027
-458126
-458343
-458383
-458396
-458949
-458959
-459619
-460127
-460140
-460181
-460249
-460281
-460696
-460812
-460860
-460994
-461164
-461264
-461384
-461812
-462016
-462119
-462215
-462311
-462316
-462734
-462967
-462995
-463192
-463496
-464077
-464171
-464963
-465084
-465225
-465822
-466032
-466547
-466627
-467055
-467331
-467382
-467432
-467724
-468023
-468618
-468620
-468772
-468811
-468905
-468919
-469401
-469528
-469683
-469738
-469855
-469999
-470027
-470235
-470250
-470510
-470795
-470984
-471026
-471091
-471216
-471419
-471426
-471436
-471537
-471686
-471862
-472023
-472070
-472288
-472560
-472777
-472944
-473016
-473789
-474102
-474212
-474516
-474744
-475136
-475272
-475359
-475974
-476071
-476274
-476433
-476807
-477000
-477309
-477511
-477765
-478179
-478231
-478314
-478467
-478611
-478841
-478871
-478898
-479012
-479161
-479228
-479443
-479537
-479763
-480011
-480273
-480383
-480514
-480793
-481018
-481024
-481110
-481210
-481404
-481654
-482368
-482576
-482788
-483012
-483123
-483509
-483898
-484313
-484337
-484450
-484574
-484784
-484847
-485038
-485049
-485223
-485543
-486219
-486630
-486653
-487512
-487689
-487740
-487768
-488058
-488299
-488692
-488921
-489226
-489283
-489385
-489494
-489889
-489932
-490423
-490553
-490892
-490896
-491112
-491177
-491301
-491391
-491414
-491446
-491728
-492276
-493337
-493802
-493832
-494215
-494275
-494456
-494576
-494812
-494880
-494899
-494933
-494976
-494977
-495232
-495972
-495985
-496513
-496721
-496761
-496774
-496866
-496955
-496991
-497085
-497139
-497350
-497439
-497521
-497555
-497635
-497673
-497763
-497855
-497857
-498053
-498178
-498190
-498502
-498505
-498535
-498573
-498583
-498998
-499055
-499107
-499163
-499700
-500262
-500593
-500746
-500974
-501290
-501498
-501631
-501879
-502381
-502752
-502851
-502977
-503029
-503519
-503632
-503728
-504087
-504119
-504195
-504407
-504633
-504736
-505186
-505355
-505485
-505565
-505575
-505594
-505776
-505826
-506667
-506764
-507016
-507031
-507537
-508161
-508224
-508628
-509240
-509400
-509522
-509535
-509644
-510183
-510219
-510283
-510399
-510521
-510578
-511440
-511492
-511650
-512233
-512384
-512554
-512798
-513052
-513079
-513109
-513678
-513990
-514027
-514047
-514334
-514414
-514676
-514832
-515070
-515107
-515441
-515445
-515717
-515817
-515829
-515945
-516118
-516182
-516350
-516357
-516367
-516372
-516410
-516873
-516905
-517125
-517152
-517166
-517364
-517472
-517767
-517901
-518267
-518326
-518328
-518576
-518588
-518682
-518910
-519025
-519308
-519351
-519515
-519910
-519980
-520067
-520156
-520233
-520347
-520576
-520669
-520879
-521191
-521241
-521342
-521473
-522081
-522451
-522626
-522710
-522790
-522791
-522867
-522924
-522929
-523676
-524011
-524044
-524151
-524414
-524592
-524634
-525425
-525801
-526077
-526463
-526761
-526932
-527408
-527558
-527705
-527818
-528028
-528227
-528374
-528428
-528639
-528705
-528967
-529041
-529241
-529501
-529543
-530105
-530442
-530608
-530786
-531435
-531641
-532022
-532189
-532267
-532427
-532613
-532614
-532724
-532778
-533090
-533133
-533184
-533942
-533983
-534109
-534296
-534857
-535212
-535260
-536083
-536406
-537031
-537072
-537144
-537145
-537156
-537196
-537333
-537696
-538024
-538119
-538243
-538333
-538440
-538578
-539154
-539274
-540136
-540361
-541179
-541242
-541767
-541855
-541870
-541877
-542000
-542378
-542402
-542874
-543549
-543618
-543979
-544025
-544529
-544561
-544834
-544985
-545120
-545221
-545343
-545589
-545597
-546052
-546099
-546147
-546177
-546288
-546373
-546391
-546498
-546830
-546864
-547145
-547158
-547327
-547629
-547926
-547971
-548345
-548360
-548502
-548681
-548684
-548840
-549450
-550049
-550191
-550741
-550789
-550941
-551084
-551995
-552061
-552075
-552090
-552246
-552294
-552334
-552431
-552613
-553077
-553676
-553948
-554208
-554473
-554601
-554721
-555333
-555478
-555529
-555552
-555651
-555657
-555692
-555777
-555820
-556581
-556594
-556645
-556688
-556927
-556940
-557250
-557343
-557645
-557786
-558310
-558336
-558481
-558524
-558828
-559021
-559069
-559369
-559483
-559502
-559802
-560116
-560149
-560502
-561050
-561188
-561248
-561352
-561482
-561503
-561787
-561857
-562318
-562375
-562414
-562462
-562492
-562862
-562949
-563086
-563579
-564527
-564626
-564755
-565165
-565218
-565355
-565715
-565794
-566038
-566120
-566517
-566668
-567039
-567217
-567224
-567453
-567464
-567769
-567900
-567949
-568048
-568262
-568526
-568640
-569443
-569617
-569620
-569715
-569812
-569973
-570064
-570308
-570547
-570688
-570742
-570801
-570990
-571235
-571296
-571581
-571887
-572225
-572226
-572268
-572350
-572699
-573326
-573513
-573734
-573761
-573775
-573793
-573884
-574142
-574676
-574890
-574903
-574944
-575474
-575780
-575998
-576148
-576506
-576588
-577231
-577268
-577462
-577789
-577849
-578368
-578549
-578617
-578739
-578880
-579199
-579330
-579349
-579577
-579586
-579633
-579765
-579877
-579986
-581072
-581278
-581279
-581410
-581580
-581591
-581632
-581652
-581770
-582439
-582766
-582901
-583624
-583888
-583910
-584052
-584113
-584171
-584207
-584233
-584294
-584420
-584978
-585090
-585746
-586046
-586098
-586499
-586519
-586801
-587645
-587730
-587900
-587918
-588012
-588082
-588305
-588424
-588712
-589039
-589366
-589892
-590207
-590343
-590492
-590601
-590857
-590890
-591339
-591898
-591915
-592395
-592434
-592837
-592889
-593105
-593126
-593264
-593268
-593274
-593446
-593451
-593460
-593701
-593794
-593872
-593910
-593955
-594028
-594127
-594752
-594756
-595104
-595234
-595384
-595451
-595483
-595712
-596451
-596458
-596530
-596638
-596768
-596821
-596832
-596943
-597010
-597301
-597404
-597611
-597767
-597788
-597798
-597897
-598077
-598325
-598475
-598680
-598785
-598824
-598981
-599315
-599653
-599717
-601085
-601532
-601902
-602027
-602195
-602491
-602530
-602658
-602946
-602952
-603010
-603018
-603392
-603521
-603744
-603860
-603871
-603889
-604138
-604288
-604379
-604714
-604857
-604950
-605192
-605327
-605337
-605546
-605566
-605625
-605711
-605830
-606110
-606383
-606454
-607166
-607193
-607422
-607945
-608327
-608394
-608455
-608592
-608648
-608669
-608679
-608833
-608895
-608912
-609127
-609325
-609337
-609424
-609443
-609479
-609648
-609821
-609925
-609983
-610366
-610456
-610629
-610642
-611003
-611034
-611450
-611908
-612438
-612443
-612610
-612717
-613102
-613414
-613748
-614009
-614020
-614683
-614698
-614761
-614823
-615141
-615558
-615910
-615966
-615973
-616170
-616731
-616759
-617066
-617577
-617767
-618069
-618187
-618195
-618764
-619473
-619494
-619533
-619935
-620162
-620192
-620861
-621299
-621450
-621568
-622006
-622058
-622075
-622675
-622764
-622995
-623295
-623486
-623605
-624327
-624866
-625318
-625362
-625501
-626028
-626171
-626233
-626265
-626279
-626911
-627107
-627470
-627571
-628325
-628357
-628367
-628949
-629053
-629277
-629362
-629753
-629793
-629851
-630241
-630354
-630447
-630915
-630992
-631062
-631329
-631409
-631609
-631828
-631846
-632143
-632608
-633170
-633409
-633479
-634004
-634212
-634244
-634586
-634840
-634909
-634933
-635478
-635543
-635638
-636090
-636098
-636118
-636177
-636550
-636561
-636667
-636730
-636787
-637052
-637389
-637575
-637828
-638251
-638370
-638477
-638566
-638791
-639057
-639162
-639226
-639292
-639491
-639565
-639757
-640108
-640462
-640463
-640565
-640812
-641025
-641122
-641239
-641319
-642044
-642289
-642339
-642391
-642406
-642819
-642930
-643023
-643373
-643402
-643508
-643706
-643979
-644455
-644643
-644712
-644817
-645428
-645450
-645706
-646374
-646447
-646525
-646805
-647377
-647445
-647676
-647727
-647748
-647804
-648466
-648549
-648582
-648636
-649026
-649728
-649767
-649782
-650046
-650382
-651086
-651287
-651420
-651851
-652017
-652519
-652596
-652729
-652736
-652841
-652879
-653114
-653266
-653434
-653559
-653844
-654001
-654171
-654972
-654991
-655081
-655227
-655303
-655373
-655381
-655428
-655551
-655851
-655861
-656232
-656252
-656286
-656852
-656975
-657038
-657341
-657362
-657473
-657711
-657848
-658025
-658071
-658099
-658193
-659332
-659349
-659449
-659512
-659522
-659602
-659727
-659735
-659947
-660062
-660145
-660198
-660471
-660585
-661036
-661141
-661153
-661412
-661763
-661934
-661978
-662286
-662411
-662647
-662726
-663144
-663415
-663448
-663463
-663955
-664017
-664503
-664529
-664615
-664742
-664952
-665051
-665121
-665546
-665592
-665603
-665778
-666090
-666578
-666613
-666646
-666981
-667236
-667969
-667994
-668156
-668312
-668346
-668778
-669353
-669388
-669547
-669826
-670126
-670159
-670447
-670601
-670857
-670956
-671204
-671450
-671900
-672131
-672213
-672376
-672481
-672619
-672631
-672685
-672716
-672775
-673042
-673122
-673256
-673456
-673799
-673999
-674062
-674118
-674172
-674278
-674318
-674384
-674436
-674556
-674607
-674859
-675062
-675100
-675580
-675742
-675872
-676326
-676783
-676842
-677099
-677101
-677238
-677386
-677600
-677606
-677810
-677973
-678135
-679044
-680680
-680858
-681020
-681063
-681162
-681283
-681481
-681630
-682004
-682020
-682165
-682324
-682398
-682553
-682559
-682779
-683565
-683659
-684234
-684290
-684313
-684733
-684843
-685103
-685214
-685409
-685410
-685427
-685430
-685469
-685551
-685573
-685946
-685961
-686050
-686456
-686488
-686528
-686691
-686730
-686790
-687098
-687130
-687193
-687384
-687571
-687660
-687935
-688118
-688336
-689380
-689500
-689685
-689916
-689962
-690034
-690654
-690737
-691004
-691213
-691249
-691600
-691643
-691801
-691954
-692021
-692643
-692784
-692912
-692937
-693175
-693783
-693834
-693895
-693963
-694060
-694349
-694429
-694887
-695168
-695536
-695678
-696101
-696323
-697052
-697384
-698190
-698873
-698985
-699340
-699544
-699612
-699764
-699853
-699854
-699899
-699943
-700262
-700264
-700750
-700810
-700910
-700922
-700983
-701186
-701264
-701407
-701555
-702134
-702392
-702967
-703354
-703371
-703526
-703777
-704118
-704186
-704268
-704280
-704318
-704336
-704343
-704354
-704355
-704419
-704505
-704526
-704661
-704811
-704832
-705291
-705509
-705644
-705799
-706332
-706444
-706486
-707334
-707511
-707536
-707861
-708259
-708296
-708486
-709295
-709338
-709397
-709414
-709547
-709714
-710158
-710183
-710860
-710946
-711388
-711400
-711576
-712090
-712159
-712251
-712255
-712419
-712435
-712781
-712969
-713020
-713057
-713158
-713196
-713252
-713291
-713364
-713514
-713575
-713692
-713815
-714189
-714247
-714697
-714722
-715019
-715381
-715942
-715978
-716066
-716079
-716177
-716354
-716421
-716481
-717083
-717904
-717915
-718086
-718400
-718566
-718878
-719133
-719158
-719221
-719619
-719833
-719893
-720129
-720163
-720201
-720334
-720427
-720529
-720749
-720943
-721092
-721135
-721175
-721290
-721617
-721628
-721994
-721998
-722375
-722435
-722487
-723007
-723662
-723772
-724109
-724286
-724755
-724774
-725141
-726049
-726080
-726212
-726887
-726909
-726927
-727001
-727307
-727477
-727653
-727699
-727765
-728321
-728395
-728400
-728711
-729382
-729556
-730047
-730179
-730640
-730906
-731182
-731231
-731328
-731342
-731345
-731514
-731592
-731593
-731813
-731924
-732048
-732356
-732772
-732877
-733008
-733228
-733399
-733611
-733910
-733951
-734011
-734071
-734119
-734197
-734241
-734541
-734589
-735638
-735758
-736015
-736045
-736119
-736154
-736324
-736527
-736529
-736542
-736561
-736692
-736741
-736791
-736865
-737407
-737828
-737897
-738361
-738555
-739057
-739139
-739330
-739485
-739769
-740049
-740212
-740255
-740401
-740608
-740751
-741136
-741402
-741594
-741722
-742676
-742755
-743023
-743060
-743495
-743582
-743586
-743589
-743743
-744211
-744254
-744437
-744519
-744581
-744691
-744758
-744955
-745010
-745075
-745529
-745716
-745721
-745814
-745963
-746132
-746164
-746183
-746624
-746950
-747019
-747201
-747684
-747684
-747910
-748024
-748438
-749599
-749947
-750009
-750057
-750211
-750219
-750265
-750460
-750495
-750538
-750800
-751599
-751750
-751771
-751827
-751940
-752155
-752346
-752374
-752406
-752865
-752981
-753008
-753094
-753377
-753404
-753626
-753646
-754305
-754684
-754714
-755156
-755539
-755687
-756197
-756215
-756470
-756865
-757243
-757450
-757781
-757915
-758362
-758443
-758471
-758882
-758955
-759386
-759405
-759597
-759941
-760581
-760843
-761916
-762084
-762149
-762221
-762275
-762467
-762556
-762801
-762891
-762933
-763277
-763364
-763381
-763530
-763539
-763866
-763929
-763991
-764013
-764340
-764358
-764361
-764600
-764705
-764862
-765203
-765413
-765569
-765596
-766119
-766207
-766248
-766280
-766460
-766478
-766819
-766858
-767346
-767391
-767546
-767569
-767916
-768184
-768189
-768256
-768381
-768624
-768764
-769046
-769168
-769532
-769746
-769821
-769867
-769975
-770000
-770064
-770097
-770594
-770676
-770812
-770889
-771386
-771825
-771978
-772063
-772707
-773064
-773287
-773343
-773455
-773496
-773616
-773845
-774074
-774131
-774253
-774317
-774544
-775151
-775152
-775566
-775730
-776092
-776589
-776894
-777428
-777978
-778469
-778553
-778602
-778717
-778748
-778982
-779203
-779538
-779931
-780020
-780105
-780364
-780438
-781311
-781482
-781730
-781813
-781924
-782202
-782246
-782573
-782588
-782802
-782862
-782862
-782880
-783031
-783392
-783548
-784138
-784167
-784445
-785225
-785404
-786137
-786246
-786292
-786440
-786527
-786552
-787250
-787287
-787313
-787326
-787683
-787742
-788054
-788709
-788823
-788830
-789186
-789300
-789378
-789404
-790276
-790376
-790952
-791173
-791194
-791433
-791713
-791719
-791746
-791802
-792095
-792109
-792206
-792284
-792544
-792786
-793056
-793209
-793267
-793372
-793559
-793590
-793786
-793994
-794182
-794492
-795482
-795602
-795839
-796142
-796246
-796372
-796509
-796609
-797125
-797266
-797345
-798124
-798517
-798552
-798709
-799051
-799231
-799751
-799836
-799955
-800506
-800982
-801035
-801698
-801765
-801846
-802041
-802177
-802570
-802915
-803148
-803219
-803438
-803459
-803513
-803523
-803705
-803870
-804042
-804155
-804768
-804914
-805422
-805795
-805911
-805956
-805978
-806248
-806261
-806565
-806666
-806738
-806791
-806882
-807197
-807333
-807471
-807873
-807967
-808064
-808116
-808143
-808216
-808323
-808385
-808479
-808547
-808647
-808739
-809057
-809211
-809585
-809667
-809925
-810010
-810403
-810418
-810615
-810777
-810973
-811042
-811496
-811546
-811551
-811572
-811850
-811960
-812457
-812556
-813117
-813143
-813560
-813746
-814057
-814463
-814541
-814565
-814653
-814821
-814838
-815240
-815370
-816510
-816765
-816869
-817034
-817047
-818019
-818127
-818168
-818187
-818502
-818973
-819548
-819636
-819952
-820432
-820486
-820527
-821044
-821310
-821875
-821936
-822071
-822252
-822273
-822767
-823140
-823202
-823360
-823388
-823424
-824107
-824137
-824176
-824263
-824995
-825180
-825235
-825368
-825413
-825564
-825619
-825809
-826185
-826324
-826434
-826685
-826805
-827095
-827353
-827424
-827642
-827769
-827799
-827865
-827960
-828041
-828470
-828496
-829028
-829141
-829396
-829546
-829673
-829993
-830483
-830808
-830828
-831104
-831116
-831131
-831295
-831391
-831401
-831537
-831918
-832144
-832455
-832458
-832975
-833040
-833095
-833587
-833621
-833704
-833718
-834296
-834845
-834901
-835310
-835486
-835664
-835674
-835683
-835733
-835821
-835875
-836324
-836325
-836513
-836514
-836745
-836804
-837079
-837415
-837659
-838092
-838276
-838566
-839013
-839319
-839545
-839569
-839728
-839742
-839977
-840183
-840209
-840223
-840320
-840362
-840367
-840930
-841013
-841146
-841202
-841985
-842056
-842276
-843053
-843172
-843302
-843318
-843442
-843482
-843591
-843853
-844355
-844538
-844550
-844785
-844825
-844857
-844857
-845278
-845367
-845435
-845512
-845810
-845871
-846202
-846282
-846301
-846309
-846722
-846811
-846849
-846960
-847035
-847766
-847933
-848191
-848293
-848363
-848390
-848469
-848544
-848906
-849230
-849235
-849306
-849567
-849814
-850176
-851125
-851961
-852353
-852443
-852627
-852780
-853233
-853506
-853543
-853660
-853687
-854057
-854141
-854174
-854252
-854848
-855213
-855227
-855577
-856018
-856039
-856194
-856240
-856248
-856476
-856660
-856868
-856897
-856991
-857800
-858235
-858403
-858894
-859732
-859848
-859891
-860866
-860868
-860918
-861333
-861387
-861421
-861500
-861768
-861852
-861855
-862256
-862326
-862359
-862384
-862462
-862766
-862946
-863160
-863180
-863293
-863307
-863471
-863787
-864117
-864221
-864314
-864532
-864542
-864712
-865282
-865594
-865729
-866016
-866497
-866905
-867324
-867541
-867571
-868080
-868113
-868181
-868310
-868335
-868470
-868879
-868882
-869102
-869206
-869222
-869372
-869719
-869906
-869967
-869985
-870068
-870323
-870461
-870603
-870652
-871160
-871277
-871639
-871982
-872201
-872568
-872683
-872790
-872879
-872883
-872933
-873623
-873658
-873753
-874029
-874357
-874949
-874999
-875074
-875083
-875227
-875454
-875643
-875869
-875940
-876445
-876678
-877178
-877476
-877492
-877667
-877718
-877866
-878516
-878522
-878529
-878680
-879257
-879371
-879497
-879507
-879595
-879875
-879937
-880557
-880631
-880735
-881306
-881352
-881388
-881515
-882034
-882416
-882902
-883042
-883252
-883492
-883883
-884102
-884197
-884321
-885150
-885346
-885465
-885480
-885514
-885756
-886028
-886147
-886199
-886203
-886386
-886669
-887293
-887317
-887396
-887663
-887806
-887960
-888562
-888970
-889129
-889214
-889336
-890343
-890574
-890776
-890855
-890956
-891252
-891341
-891372
-891395
-891399
-891408
-891574
-891694
-891777
-892400
-892622
-893041
-893058
-893119
-893194
-893358
-893703
-893755
-894053
-894056
-894375
-894697
-894842
-895056
-895294
-895388
-895895
-896038
-896276
-896516
-896572
-896582
-896877
-897043
-897297
-897975
-898431
-898551
-898968
-899971
-900288
-900439
-900500
-900531
-900590
-900688
-901189
-901435
-901477
-902290
-902325
-902401
-902684
-902916
-903008
-903019
-903045
-903158
-903775
-904277
-904330
-904568
-904583
-904752
-904856
-904910
-904945
-905176
-905243
-905346
-905368
-905481
-905538
-905863
-906542
-906555
-906588
-906653
-907422
-907460
-907659
-908152
-908428
-909412
-909570
-909767
-909812
-909870
-910016
-910115
-910551
-910804
-911048
-911274
-911381
-911540
-911568
-911679
-911961
-912095
-912133
-912286
-912309
-912525
-912629
-912841
-912914
-912973
-913060
-913403
-913424
-913921
-914738
-914901
-914904
-915448
-915562
-915892
-916065
-916610
-916621
-916812
-916939
-917058
-917140
-917557
-917639
-917741
-917751
-917893
-918082
-918284
-918308
-918462
-918895
-918952
-918991
-919065
-919321
-919407
-919670
-919695
-919701
-919837
-919936
-919941
-920008
-920126
-920205
-921026
-921054
-921323
-921335
-921474
-921697
-921887
-922037
-922569
-922639
-922932
-923019
-923045
-923108
-923307
-923420
-923585
-923676
-923680
-923914
-923944
-923999
-924438
-924468
-924630
-925622
-925656
-925658
-925767
-925859
-926065
-926125
-926248
-926645
-926987
-927026
-927074
-927214
-927270
-927407
-927559
-927735
-927755
-928156
-928254
-928401
-928411
-928450
-928644
-928898
-929046
-929102
-929396
-929406
-929603
-929729
-929810
-929909
-929966
-930084
-930103
-930214
-930288
-930610
-930865
-931335
-931414
-931779
-931790
-931932
-932152
-932477
-932557
-933008
-933375
-933633
-933636
-933693
-933798
-933847
-933943
-934336
-934587
-935006
-935264
-935425
-935448
-935505
-936099
-936488
-936524
-936587
-936727
-936765
-936765
-936790
-936815
-936900
-937257
-937609
-937855
-937960
-938278
-938694
-938975
-939117
-939411
-939569
-939611
-939684
-939696
-939808
-940207
-940943
-941277
-941403
-941710
-941715
-941783
-941841
-942023
-942189
-942732
-942861
-942955
-943048
-943051
-943334
-943391
-943437
-944168
-944211
-944225
-944358
-944363
-944459
-944866
-944895
-945055
-945069
-945204
-945245
-945908
-945991
-946324
-946353
-946557
-946983
-947075
-947102
-947167
-947407
-947517
-947718
-948234
-948279
-948400
-948402
-948904
-948920
-949287
-949343
-949380
-949853
-949972
-950259
-950304
-950392
-950580
-950608
-950631
-950793
-950800
-951157
-951279
-951340
-951541
-951655
-951732
-951858
-952734
-952917
-953071
-953184
-953686
-953925
-953977
-954639
-954726
-955333
-955384
-955882
-955954
-956005
-956143
-956335
-956471
-956529
-956676
-956688
-956695
-956946
-957115
-957318
-957504
-957697
-958082
-958207
-958245
-958529
-958556
-958663
-958844
-958878
-959339
-959361
-959513
-959524
-959855
-960017
-960021
-960134
-960379
-960399
-960689
-960698
-960722
-960970
-961098
-961137
-961621
-961858
-962051
-962467
-962623
-963150
-963259
-963314
-963353
-963363
-963381
-963434
-963677
-963813
-964109
-964142
-964653
-964720
-965255
-965546
-966008
-966191
-966354
-966466
-966505
-966680
-966696
-966727
-966755
-966756
-966790
-966811
-966835
-967044
-967062
-967228
-967438
-967522
-967691
-967910
-968140
-968250
-968727
-968753
-969038
-969244
-969298
-969317
-969528
-969878
-969971
-970285
-970529
-970792
-970834
-971425
-971535
-971830
-971972
-972328
-972448
-972499
-973027
-973184
-973350
-973560
-973641
-973814
-973834
-973840
-974252
-974463
-974732
-974850
-975821
-976175
-976266
-976586
-976635
-976769
-976825
-976859
-976917
-977384
-977393
-977434
-977888
-978215
-978268
-978403
-978616
-978982
-978985
-979461
-979565
-980138
-980464
-980948
-981012
-981484
-981520
-981675
-981757
-982553
-982763
-982870
-983261
-983421
-983488
-984128
-984379
-984570
-984699
-984795
-985037
-985212
-985432
-985606
-985771
-985902
-985922
-985979
-985997
-986144
-986186
-986358
-986459
-986520
-986578
-986983
-987028
-987050
-987070
-987291
-987303
-987306
-987394
-987570
-987821
-988068
-988143
-988216
-988435
-988542
-988672
-989047
-990142
-990524
-990574
-990841
-990912
-990989
-991018
-991328
-991633
-991641
-991904
-992070
-992239
-992303
-992395
-992570
-992590
-992928
-993013
-993382
-993709
-994659
-994867
-994915
-994977
-995001
-995134
-995213
-995474
-995477
-995593
-995617
-996175
-996578
-996630
-996754
-996847
-997195
-997278
-997293
-997322
-997599
-997606
-997780
-997887
-997913
-998037
-998048
-998243
-998780
-998897
-999193
-999417
-999424
-999924
