-999990
-999869
-999545
-998927
-998790
-998738
-998554
-998128
-998124
-997872
-997808
-997759
-997679
-997601
-997484
-997357
-997104
-996990
-996685
-996676
-996351
-996131
-996103
-995743
-995677
-995645
-995630
-995472
-995366
-995065
-994887
-994311
-993462
-993334
-993249
-993082
-993045
-992885
-992843
-992003
-991992
-991850
-991805
-991762
-991753
-991697
-991519
-991479
-991288
-990869
-990865
-990359
-990002
-989850
-989774
-989729
-989417
-989374
-989180
-989055
-988752
-988535
-988200
-988118
-987551
-987062
-987060
-986814
-986411
-985740
-985704
-985280
-985238
-984819
-984806
-984703
-984593
-984523
-984038
-983881
-983768
-983731
-983615
-983406
-983207
-983127
-983034
-983022
-982896
-982500
-982380
-982334
-982084
-982070
-981624
-981168
-981017
-980970
-980849
-979972
-979868
-979392
-979371
-978347
-978185
-978182
-978150
-977933
-977403
-976942
-976569
-976382
-976182
-976139
-975650
-975060
-974346
-973914
-973893
-973816
-973624
-973160
-972761
-972603
-972441
-972145
-972086
-971738
-971659
-971391
-971298
-971252
-971189
-970754
-970574
-970463
-970317
-970263
-969909
-969887
-969394
-969199
-969196
-968968
-968516
-968402
-968137
-968064
-966541
-966498
-966273
-966066
-966010
-965777
-965757
-965692
-965605
-965446
-964619
-964429
-964427
-964323
-964299
-963764
-963440
-963439
-963197
-963120
-962884
-962822
-962524
-962265
-961892
-961800
-961638
-961373
-961152
-961035
-961028
-960893
-960777
-960548
-960182
-960059
-960056
-959816
-959720
-959673
-959490
-959451
-959002
-958615
-958521
-958432
-958104
-957936
-957833
-957678
-957215
-957078
-956997
-956354
-956347
-956270
-956218
-956036
-955822
-955746
-955722
-955605
-955513
-955285
-955040
-954254
-954197
-954173
-954150
-954050
-953920
-953582
-953485
-953461
-953409
-952870
-952830
-952793
-952454
-952410
-952368
-952195
-951924
-951597
-951586
-951487
-951344
-951273
-950724
-950526
-950437
-950128
-950087
-949839
-949825
-949646
-949566
-949518
-949466
-949057
-948802
-948773
-948718
-948488
-948283
-948174
-948036
-948001
-947555
-947356
-947239
-947136
-947103
-946762
-946656
-946603
-946499
-946457
-946298
-946241
-946218
-945254
-945173
-945016
-944583
-944388
-944327
-943975
-943933
-943829
-943555
-943361
-943192
-943048
-943020
-942918
-942841
-942735
-942479
-942408
-941906
-941837
-941724
-941724
-941449
-941170
-941102
-940167
-939853
-939825
-939433
-939298
-938442
-938426
-938291
-938280
-938126
-938058
-937583
-937050
-936651
-936153
-935879
-935876
-935731
-935656
-935572
-934582
-933640
-933509
-933327
-933138
-932854
-932836
-932810
-932619
-932349
-932282
-932171
-931930
-931766
-931522
-931392
-931235
-931147
-931051
-930883
-930763
-930547
-930439
-930332
-930164
-929893
-929782
-929719
-929673
-929566
-929489
-929044
-928756
-928704
-928666
-928610
-928479
-928215
-927681
-927627
-927495
-927182
-926696
-926693
-926574
-926381
-926311
-926172
-926154
-926026
-925938
-925651
-925416
-925138
-925029
-924740
-924394
-923988
-923891
-923834
-923593
-923580
-923505
-923344
-923162
-922316
-922157
-921951
-921910
-921674
-921336
-921040
-921027
-920928
-920813
-920332
-920182
-919708
-919644
-919579
-919262
-919040
-918905
-918512
-918238
-918238
-917997
-917919
-917907
-917806
-917587
-917297
-917118
-916906
-916643
-916638
-916596
-916514
-916227
-915944
-915788
-915694
-915381
-915323
-914942
-914767
-914678
-914654
-914255
-914015
-913855
-913842
-913668
-913595
-913269
-912879
-912619
-912531
-912206
-911926
-911703
-911669
-911188
-910969
-910732
-910629
-910606
-910438
-910279
-910084
-909945
-909134
-909107
-908804
-908069
-907928
-907924
-907852
-907625
-907188
-907021
-906808
-906695
-906571
-906500
-905719
-905645
-905543
-905205
-904550
-904437
-904373
-904246
-903990
-903768
-903574
-903558
-903477
-903145
-902864
-902776
-902730
-902610
-902609
-902393
-902225
-902224
-902140
-902074
-901655
-901485
-901385
-901223
-900819
-900427
-900377
-900353
-900341
-900244
-900118
-899806
-899193
-899159
-898809
-898688
-898680
-898112
-898068
-897255
-897154
-896850
-896722
-896542
-896258
-896031
-895956
-895946
-895655
-895511
-895196
-895045
-894980
-894735
-894299
-893918
-893831
-893795
-893477
-893165
-893085
-893065
-892846
-892841
-892427
-892179
-892153
-891783
-891725
-891553
-891530
-891357
-891035
-890678
-890546
-890419
-890181
-890154
-889809
-889439
-889275
-889070
-888440
-888354
-888130
-887479
-887473
-887387
-887374
-887339
-887338
-887283
-887068
-886996
-886413
-886253
-886141
-885915
-885911
-885842
-885804
-885715
-885634
-885478
-885305
-884786
-884740
-884728
-884628
-884475
-884411
-884328
-884281
-884228
-883480
-883396
-883361
-883329
-883227
-882474
-882451
-881971
-881915
-881859
-881584
-881415
-881237
-880889
-880718
-880226
-880202
-879994
-879959
-879681
-879659
-879425
-879320
-879048
-878737
-878452
-878251
-877936
-877922
-877457
-877411
-876834
-876641
-875944
-875621
-875594
-875306
-875297
-875117
-875042
-874903
-874769
-874380
-874199
-874083
-874047
-874019
-873919
-873517
-873235
-873019
-872957
-872879
-872615
-872353
-872277
-871772
-871258
-870866
-870851
-870697
-870680
-870384
-869743
-869551
-869521
-869456
-869409
-869230
-868789
-868403
-868348
-868251
-867747
-867532
-866267
-866228
-866108
-865921
-865875
-865869
-865772
-865618
-865274
-865208
-864799
-864429
-864414
-863457
-863181
-862617
-862587
-862540
-862415
-862347
-862160
-861918
-861915
-861715
-860707
-860676
-860515
-860348
-860283
-860186
-859903
-859892
-859851
-859524
-859457
-859356
-858828
-858761
-858632
-858617
-858584
-858581
-858501
-857778
-857773
-857596
-857105
-857078
-857041
-856673
-856549
-856315
-856189
-855830
-855746
-855455
-855108
-854905
-854882
-854434
-854414
-854370
-854320
-854155
-853888
-853650
-853605
-853554
-853500
-853006
-852758
-852715
-852640
-852557
-852246
-852219
-852076
-852069
-851919
-851299
-850729
-850648
-850628
-850608
-850263
-850258
-850248
-849851
-849773
-849555
-849484
-849454
-849163
-849068
-849052
-848966
-848107
-848066
-848050
-847760
-847338
-847309
-846909
-846896
-846896
-846860
-846850
-846705
-846580
-845981
-845904
-845880
-844598
-844390
-844315
-844193
-844097
-843905
-843606
-843331
-842842
-842069
-841698
-841545
-841208
-841182
-841004
-840945
-840932
-840829
-840275
-840168
-840136
-840097
-840076
-839984
-839883
-839649
-839594
-839380
-839250
-838672
-838468
-838420
-838363
-837816
-837810
-837782
-837737
-837182
-837156
-837024
-836690
-836416
-836300
-836147
-835006
-834526
-834367
-834250
-834245
-833852
-833826
-833727
-833438
-833325
-832792
-832719
-832588
-832500
-832354
-832153
-832032
-831847
-831760
-831658
-831606
-831487
-831458
-831381
-830610
-830565
-830237
-829975
-829953
-829951
-829906
-829754
-829700
-829570
-829520
-829518
-829307
-829255
-828036
-827609
-827526
-827295
-827069
-826729
-826683
-826585
-826552
-825804
-825685
-825457
-825148
-824838
-824456
-824378
-823815
-823814
-823788
-823280
-823066
-822765
-822611
-822565
-822429
-822017
-822007
-821948
-821854
-821813
-821679
-821221
-821200
-821150
-821111
-821094
-820946
-820930
-820762
-820704
-820499
-820149
-819953
-819692
-819655
-819578
-819450
-819442
-819423
-819300
-818913
-818667
-818463
-818180
-818119
-818050
-818032
-817868
-817667
-817563
-817539
-817311
-817304
-817253
-817213
-817203
-817166
-816988
-816918
-816663
-816397
-816182
-815695
-815578
-815492
-815462
-813874
-813866
-813831
-813628
-813241
-812955
-812727
-812181
-812124
-812105
-811712
-811251
-811234
-811133
-810946
-810519
-810396
-810295
-810275
-809645
-809586
-809082
-808771
-808737
-808388
-808229
-808217
-808149
-807772
-807754
-807723
-807505
-807183
-806447
-806446
-806151
-806037
-805879
-805157
-804507
-804140
-803809
-803807
-803589
-803588
-803314
-803174
-803131
-803039
-802756
-802374
-801914
-801333
-801152
-801075
-801011
-800956
-800569
-800545
-800525
-800489
-800356
-800250
-800242
-800216
-799885
-799613
-799319
-798332
-798276
-798136
-798111
-798059
-797647
-797359
-797339
-796994
-796354
-796270
-795961
-795544
-795426
-795353
-794861
-793986
-793834
-793688
-793483
-793325
-792632
-792575
-792562
-792448
-792130
-791970
-791672
-791623
-791392
-791285
-791277
-791163
-790928
-790664
-790304
-790208
-789897
-789593
-789436
-789253
-789234
-789032
-788894
-788735
-788683
-788550
-788550
-788384
-788337
-788280
-787797
-787687
-787546
-786939
-786319
-786240
-786167
-785503
-785268
-785114
-785095
-785062
-784366
-784311
-784305
-784066
-783933
-783808
-783664
-783413
-783321
-783198
-783076
-782820
-782728
-782138
-782056
-781798
-781329
-780929
-780643
-780520
-780366
-780302
-780170
-779881
-779868
-779579
-779563
-779202
-779151
-779070
-779064
-778605
-778575
-778324
-778307
-778281
-778271
-778217
-778178
-778138
-777986
-777952
-777656
-777615
-777291
-776861
-776477
-776468
-776406
-776173
-776099
-775776
-775758
-775476
-775469
-774744
-774486
-774288
-774077
-773664
-773206
-773202
-773065
-772570
-772536
-772411
-772249
-772078
-771956
-771635
-770580
-770339
-770337
-770257
-769767
-769654
-769588
-769442
-769437
-769192
-768972
-768946
-768909
-768785
-768766
-768605
-768108
-768089
-767909
-767811
-767742
-767685
-767209
-767167
-767012
-766777
-766743
-766670
-766535
-766342
-766110
-766098
-765977
-765402
-765139
-764757
-764617
-764402
-764303
-764092
-763671
-763483
-763258
-763156
-763122
-762889
-762769
-762757
-762755
-762253
-762083
-761792
-760909
-760827
-760764
-760630
-760514
-760347
-760005
-759687
-758046
-758041
-757907
-757744
-757722
-757689
-757637
-757605
-757504
-757341
-757304
-757250
-757222
-756938
-756725
-756676
-756565
-756280
-756189
-756158
-755908
-755594
-755427
-755334
-755292
-755062
-754874
-754725
-754445
-754199
-754060
-754007
-753973
-753530
-753431
-753394
-753359
-753203
-753021
-752940
-752880
-752484
-752079
-751800
-751626
-751312
-751259
-751218
-751076
-750923
-750736
-750510
-750153
-749988
-749625
-749437
-749266
-749247
-749199
-749085
-748930
-748777
-748597
-748233
-748087
-747933
-747799
-747530
-747277
-746946
-746877
-746776
-746493
-746409
-746332
-746231
-746155
-745809
-745722
-745626
-745396
-745071
-745025
-744666
-744333
-744315
-744137
-744116
-743989
-743966
-743936
-743330
-743259
-743239
-743226
-743163
-743141
-743113
-742703
-742691
-742674
-742613
-742565
-742297
-742185
-741969
-741918
-741807
-741740
-741541
-741382
-741353
-741318
-741192
-740697
-740559
-740509
-739948
-739837
-739556
-739203
-739179
-739109
-738986
-738804
-738576
-738545
-738363
-738191
-738004
-737945
-737731
-737473
-737438
-737393
-737379
-737232
-737122
-736618
-736546
-735820
-735403
-735235
-735214
-735071
-734982
-734982
-734875
-734679
-734401
-734120
-734056
-733678
-733538
-733334
-733325
-733020
-732752
-732747
-732696
-732582
-732516
-731967
-731942
-731744
-731294
-731025
-730898
-730813
-730792
-730755
-730028
-730020
-729981
-729458
-729416
-729280
-729126
-729046
-728324
-727943
-727711
-727300
-727257
-727030
-726808
-726431
-726143
-726030
-725964
-725864
-725263
-725256
-725227
-724919
-724841
-724831
-724653
-724613
-724610
-724251
-724176
-724095
-723384
-723245
-722986
-722823
-722787
-722288
-722233
-722166
-722125
-721893
-721631
-721615
-721412
-720829
-720301
-720130
-719590
-719478
-719349
-719231
-719128
-719098
-718487
-718202
-718121
-718110
-717441
-717254
-716689
-716679
-715984
-715954
-715807
-715711
-715432
-715336
-714841
-714824
-714571
-714200
-713956
-713717
-713645
-713583
-713378
-712677
-712674
-712252
-712193
-712128
-712126
-711944
-711601
-711153
-711055
-710970
-710782
-710195
-710075
-710023
-710009
-709950
-709488
-709381
-709135
-709029
-708341
-708338
-708162
-707908
-707875
-707612
-707141
-706985
-705891
-705652
-705649
-704975
-704935
-704864
-704724
-704495
-704431
-704126
-704025
-703859
-703213
-703089
-702994
-702733
-702607
-702450
-701960
-701899
-701660
-701563
-701492
-701399
-701067
-700818
-700704
-700546
-700407
-700083
-699776
-699720
-699609
-699602
-699364
-699362
-699170
-699060
-698793
-698481
-698317
-698137
-697476
-696835
-696494
-696437
-696354
-696207
-695766
-695715
-695556
-695442
-695347
-694946
-694738
-694666
-694452
-694426
-694238
-694078
-693868
-693855
-693448
-693294
-693201
-692704
-692624
-692546
-691897
-691587
-691429
-691397
-691356
-691217
-691056
-690918
-690489
-690396
-690363
-690287
-690151
-689424
-689412
-689213
-689069
-688851
-688705
-688640
-688590
-688065
-687926
-687835
-687823
-687796
-687512
-687378
-687205
-687152
-686099
-686048
-685468
-685185
-685044
-684270
-683971
-683864
-683328
-683159
-682936
-682903
-682605
-682323
-682031
-681979
-681852
-681803
-681803
-681763
-681551
-681458
-681398
-681269
-681099
-681079
-681013
-680978
-680927
-680448
-680406
-679799
-679781
-679776
-679568
-679324
-679205
-678837
-677945
-677666
-677597
-677487
-676983
-676910
-676866
-676650
-676591
-676380
-676349
-675823
-675681
-675549
-675396
-675042
-674984
-674972
-674487
-674128
-674094
-673495
-673432
-673404
-673171
-673048
-673005
-672983
-672721
-672717
-672533
-672274
-672272
-671754
-670992
-670875
-670822
-670635
-670585
-670494
-670395
-670283
-669375
-669360
-668985
-668794
-668778
-668771
-668758
-668441
-668367
-668227
-667975
-667526
-667487
-667388
-667314
-666539
-666375
-666209
-666141
-666008
-665552
-665150
-665119
-664804
-664111
-663741
-663576
-663482
-663266
-662961
-662901
-662525
-662032
-661972
-661692
-661520
-661184
-660399
-659705
-659373
-658175
-657925
-657900
-657827
-657826
-657299
-657142
-656987
-656897
-656791
-656691
-656517
-656498
-656173
-655907
-655644
-655023
-654763
-654531
-654178
-653928
-653844
-653657
-653495
-653448
-653406
-653308
-653234
-653153
-653145
-653017
-652964
-652704
-652689
-652609
-651962
-651819
-651767
-651263
-651080
-650766
-650741
-650450
-650111
-649924
-649783
-649190
-648595
-648567
-648047
-647807
-647214
-646839
-646556
-646527
-646116
-645942
-645259
-644957
-644943
-644881
-644867
-644866
-644790
-644273
-643907
-643613
-643514
-643366
-643243
-643110
-643101
-642904
-642834
-642758
-642727
-642486
-642161
-642027
-642008
-641996
-641772
-641579
-641357
-641215
-641205
-640991
-640964
-640961
-640870
-640640
-640502
-640068
-639807
-639732
-639685
-639522
-639446
-639195
-638951
-638819
-638697
-638500
-638395
-638287
-638073
-637963
-637680
-637400
-636367
-636143
-636058
-635944
-635705
-635633
-635577
-635465
-635315
-635282
-635145
-634755
-634700
-634645
-634108
-634073
-634056
-633980
-633945
-633937
-633888
-633705
-633593
-633408
-632852
-632536
-632500
-632428
-632266
-632215
-632189
-631896
-631528
-631370
-630586
-630540
-630393
-630275
-629443
-629200
-628888
-628828
-628529
-628511
-628398
-628273
-628212
-628208
-628057
-627918
-627824
-627773
-627510
-627169
-626781
-626624
-626439
-626222
-626098
-625882
-625633
-624990
-624916
-624855
-624751
-624454
-624306
-623672
-623391
-623297
-623053
-623001
-622913
-622679
-622510
-622311
-622217
-621908
-621713
-621574
-621521
-621358
-621202
-621178
-620999
-620928
-620809
-620782
-620768
-620731
-620704
-620581
-620375
-620305
-620044
-619971
-619791
-619380
-619357
-619315
-619185
-618745
-618538
-618004
-617686
-617419
-617263
-616804
-616574
-616457
-616399
-616067
-615654
-615613
-615595
-615412
-615301
-614989
-614633
-614472
-614248
-614146
-614014
-613858
-613723
-613579
-613367
-613362
-613071
-612830
-612802
-612747
-612682
-612499
-612439
-612261
-612198
-612027
-611981
-611785
-611370
-610865
-610580
-610415
-610400
-610328
-609860
-609719
-609072
-608935
-608816
-607913
-607833
-607651
-607602
-607124
-607085
-606972
-606768
-606470
-606268
-606201
-606166
-606000
-605879
-605734
-605605
-605336
-605315
-605285
-605182
-604940
-604855
-604725
-604580
-604023
-603906
-603785
-603768
-603378
-603301
-602730
-602658
-602542
-602230
-602090
-602060
-601852
-601815
-601453
-601251
-600945
-600690
-600668
-600467
-600093
-599896
-599834
-599705
-599045
-599031
-598875
-598723
-598250
-598104
-597842
-597824
-597823
-597701
-597158
-597036
-596999
-596940
-596852
-596739
-596237
-595870
-595594
-595568
-595227
-594776
-594337
-594195
-594097
-593968
-593756
-593747
-593702
-593701
-593191
-593176
-593056
-592881
-592814
-592702
-592489
-592126
-592022
-592010
-591808
-591673
-591617
-591496
-591309
-591219
-591040
-591006
-590691
-590668
-590572
-590532
-590384
-590378
-590034
-589834
-589737
-589513
-589428
-589128
-589075
-589067
-588921
-588920
-588485
-588425
-588403
-588385
-588353
-588134
-587938
-587892
-587780
-587617
-587584
-587476
-587410
-586207
-586205
-586104
-586039
-585966
-585851
-585716
-585576
-585561
-585531
-585513
-585399
-585172
-585126
-584771
-584684
-584311
-584237
-584115
-584113
-584024
-583879
-583703
-583282
-583247
-583084
-583025
-582764
-582724
-582244
-582166
-582027
-581903
-581778
-581769
-581628
-581424
-581169
-580978
-580877
-580585
-580561
-580552
-580479
-580314
-580203
-580176
-579258
-578922
-578810
-578286
-578146
-577954
-577708
-576973
-576962
-576849
-576558
-576340
-575813
-575270
-575009
-574996
-574850
-574755
-574721
-574547
-574467
-574410
-574356
-574198
-574065
-573615
-573559
-573540
-573299
-573139
-573016
-572841
-572522
-572500
-572499
-572322
-572220
-572044
-571801
-571756
-571116
-571097
-571097
-571017
-570763
-570693
-570627
-570622
-570547
-570442
-570280
-570108
-570103
-569937
-569888
-569668
-569492
-569471
-569294
-569292
-569094
-569073
-568400
-568230
-567964
-567957
-567956
-567772
-567686
-567642
-567346
-567256
-567001
-566821
-566788
-566778
-566754
-566748
-566673
-566150
-565843
-565833
-565824
-565771
-565703
-565603
-565446
-565341
-565207
-564857
-564626
-564436
-564373
-564253
-564067
-563922
-563545
-563487
-563397
-563070
-562792
-562777
-562419
-562407
-562391
-562308
-561894
-561617
-561603
-561272
-561165
-560839
-560827
-560679
-560342
-560134
-560108
-560040
-559996
-559868
-559828
-559709
-559658
-559475
-559198
-559026
-558702
-558580
-558226
-557856
-557847
-557591
-556784
-556734
-556650
-556597
-556502
-556392
-556097
-555746
-555522
-555457
-555379
-555201
-555099
-554940
-554598
-554363
-554346
-554259
-553847
-553074
-553050
-552937
-552808
-552768
-552638
-552476
-552420
-552307
-552227
-552195
-552047
-552002
-551672
-551558
-551362
-551181
-551093
-550980
-550947
-550886
-550728
-550122
-550057
-550012
-549980
-549624
-549564
-549514
-549286
-549234
-549008
-548935
-548462
-547760
-547399
-547206
-547009
-546996
-546333
-546070
-545742
-545664
-545586
-545435
-545149
-545120
-545076
-545016
-544996
-544542
-543892
-543775
-543610
-543200
-542846
-542755
-542710
-542616
-542581
-542551
-542194
-542054
-541705
-541528
-541379
-541341
-541137
-541123
-540943
-540439
-540402
-540236
-540045
-539819
-539644
-539453
-539453
-539240
-538887
-538861
-538375
-538299
-538082
-537865
-537022
-536968
-536520
-536438
-536413
-536399
-536276
-536101
-535652
-535602
-535263
-535204
-535125
-535036
-534971
-534551
-534543
-534181
-533737
-533569
-533410
-532773
-532687
-532557
-531872
-531848
-531692
-531671
-531369
-531356
-530999
-530933
-530785
-530638
-530509
-530459
-530399
-530302
-530239
-529776
-529629
-529393
-529347
-529023
-528977
-528819
-528623
-528236
-528206
-528027
-528010
-527946
-527659
-527436
-527390
-527030
-526708
-526669
-526577
-526501
-526274
-526011
-525612
-525610
-525069
-524453
-524169
-524090
-524007
-523618
-523551
-523494
-523152
-522751
-522564
-522408
-522311
-522178
-521950
-521893
-521693
-521613
-521511
-521411
-521206
-521130
-520952
-520948
-520908
-520578
-520413
-520375
-520360
-520048
-520038
-519940
-519323
-519139
-519089
-518783
-518525
-517919
-517566
-517337
-517019
-516929
-516802
-516768
-515950
-515634
-515604
-515556
-515340
-515235
-515197
-514719
-514655
-514563
-514492
-514376
-514121
-514049
-513946
-513861
-513648
-513549
-513150
-513060
-513044
-512962
-512542
-512401
-512327
-512264
-512262
-512060
-511906
-511402
-511251
-511227
-511109
-511092
-510848
-510599
-510577
-510539
-510476
-510458
-509703
-509635
-509526
-509495
-509449
-509049
-509001
-508746
-508715
-508710
-508509
-508076
-508055
-507926
-507867
-507853
-507783
-507497
-507276
-506990
-506852
-506818
-506709
-506323
-506042
-505972
-505960
-505926
-505648
-505154
-504891
-504157
-503986
-503974
-503865
-503748
-503167
-502720
-502377
-502102
-501955
-501775
-501599
-501431
-501136
-500537
-500215
-499748
-499214
-499196
-499032
-498788
-498680
-498671
-498436
-498338
-498263
-498206
-498174
-498155
-498073
-497670
-497345
-497025
-496849
-496535
-496264
-496110
-496083
-495747
-495663
-495368
-495277
-495050
-494949
-494704
-494637
-494534
-494516
-494446
-494405
-494280
-494232
-493682
-493147
-492732
-492614
-492260
-492239
-492234
-492170
-492076
-492028
-491959
-491786
-491764
-491439
-491305
-490393
-490357
-490311
-490273
-489865
-489738
-489267
-489157
-489082
-489047
-488520
-488252
-487926
-487701
-487683
-487479
-487430
-487425
-487395
-487287
-487187
-486720
-486411
-486399
-486200
-486081
-485585
-485539
-485527
-485390
-485188
-484940
-484790
-484566
-484544
-484188
-484119
-484117
-484072
-483863
-483604
-483555
-483533
-483104
-482340
-481942
-481875
-481737
-481491
-481256
-481113
-480964
-480685
-480568
-480267
-480165
-479355
-479085
-478751
-477879
-477856
-477806
-477632
-477529
-477458
-477294
-477168
-477021
-476498
-476087
-475751
-475580
-475161
-474523
-474183
-474152
-474102
-473949
-473424
-473383
-473238
-473083
-472901
-472896
-472664
-472625
-472595
-472453
-472440
-472301
-472070
-471923
-471854
-471638
-471544
-471503
-471485
-471411
-471409
-471309
-471250
-471236
-471174
-470849
-470683
-470364
-470166
-470039
-469894
-469455
-469290
-469156
-469110
-468787
-468564
-468260
-468175
-468141
-467883
-467541
-467533
-467373
-467271
-467255
-467224
-466815
-466224
-466095
-466094
-465960
-465954
-465814
-465689
-465590
-465535
-465509
-465177
-465170
-465081
-465067
-465055
-464865
-464756
-464678
-464539
-464458
-464131
-463951
-463890
-463881
-463855
-463724
-463646
-463294
-462971
-462593
-462564
-462491
-461747
-461624
-461542
-461424
-461362
-461257
-461161
-460906
-460839
-460525
-460464
-460049
-459856
-459246
-459008
-458541
-458464
-458310
-457951
-457592
-457209
-456975
-456797
-456681
-456495
-456306
-456168
-456026
-455375
-455342
-455204
-454988
-454842
-454256
-454240
-454150
-453967
-453674
-453113
-452947
-452702
-452686
-452501
-452412
-452130
-452075
-452022
-451605
-451407
-451356
-451350
-451173
-451103
-451021
-450653
-450642
-450521
-449861
-449773
-449553
-449482
-449435
-448971
-448963
-448955
-448134
-447724
-447408
-447326
-447296
-447227
-447085
-447061
-446973
-446386
-446101
-445880
-445868
-445770
-445737
-445527
-444971
-444616
-444587
-444491
-444445
-444342
-443518
-443315
-443263
-443179
-442266
-442077
-441736
-441642
-441467
-441264
-441123
-441040
-440969
-440801
-440169
-440119
-439918
-438980
-438913
-438850
-438378
-438145
-438127
-437750
-437579
-437320
-437319
-436464
-436087
-436061
-435758
-435546
-435531
-435528
-435387
-435258
-434993
-434794
-434607
-434558
-434224
-434154
-434043
-433550
-433139
-433000
-432304
-431564
-431535
-431500
-431480
-431083
-431004
-430741
-430635
-430266
-429515
-429465
-429326
-428948
-428392
-428087
-427993
-427788
-427748
-427717
-427560
-427177
-426503
-426197
-426092
-425959
-425770
-425764
-425571
-425514
-425244
-425126
-424782
-424744
-424726
-424549
-424233
-423799
-423572
-422992
-422639
-422463
-422145
-422051
-421913
-421543
-421538
-421364
-420783
-420700
-420646
-420632
-420624
-419791
-419775
-419602
-419509
-419467
-419392
-419206
-418971
-418784
-418431
-418367
-418244
-417779
-417684
-417603
-417378
-417039
-417003
-416911
-416640
-416412
-416168
-415684
-415562
-415530
-414475
-414105
-413902
-413823
-413669
-413507
-413168
-413163
-413000
-411848
-411745
-411307
-411141
-411040
-410515
-410292
-410075
-408941
-408577
-408517
-407712
-407709
-407638
-407579
-407164
-407014
-406670
-406658
-406601
-406379
-406328
-406289
-405966
-405358
-405184
-405021
-404951
-404634
-404430
-404246
-404102
-403479
-403353
-403264
-403088
-402683
-402611
-402566
-402235
-402210
-402049
-401946
-401751
-401674
-401348
-401311
-401101
-400988
-400949
-400763
-400513
-400171
-400054
-399828
-399586
-399453
-399197
-398906
-398752
-398738
-398354
-398244
-397664
-397456
-397362
-397025
-396831
-396673
-396628
-396591
-396347
-396100
-395923
-395655
-395417
-395415
-395284
-395238
-395181
-395077
-394810
-394003
-393970
-393790
-393528
-393513
-393287
-393225
-393171
-392848
-392703
-392231
-392222
-392165
-392157
-392109
-391745
-391733
-390934
-390793
-390701
-390501
-390391
-389885
-389854
-389794
-389091
-389082
-388939
-388933
-388887
-388648
-387884
-387792
-387649
-387396
-386809
-386713
-386696
-386524
-386427
-386384
-386238
-385377
-385076
-384849
-384833
-384605
-384383
-384350
-384255
-384117
-383794
-383756
-383593
-383159
-383033
-382992
-382805
-382595
-382511
-382308
-381916
-381587
-381549
-380775
-380726
-380697
-380680
-380486
-380452
-380363
-380246
-380113
-379927
-379767
-379248
-379200
-379162
-379004
-378704
-378633
-378600
-378308
-378283
-377230
-377107
-376876
-376868
-376389
-376124
-375744
-375731
-375500
-375001
-374989
-374747
-374216
-374184
-373704
-373675
-373276
-373014
-372961
-372708
-372671
-372591
-372587
-372175
-372167
-372108
-371848
-371757
-371523
-371356
-371260
-371176
-370978
-370885
-370826
-370613
-370302
-370076
-369950
-369445
-369398
-369195
-368614
-368508
-368333
-368113
-368063
-367943
-367929
-367571
-367117
-367051
-366917
-366898
-366846
-366661
-366565
-366269
-366251
-366121
-364994
-364970
-364891
-364845
-364529
-364378
-364378
-364294
-364031
-363767
-363393
-363360
-363240
-363174
-362830
-362814
-361822
-361114
-361090
-361010
-360770
-360384
-360351
-360285
-360099
-360068
-359439
-359259
-359257
-359159
-358820
-358453
-358118
-357968
-357823
-357368
-357069
-356827
-356572
-356320
-355702
-355541
-354856
-354594
-354364
-354290
-354238
-353702
-353322
-353129
-352665
-352455
-352409
-352184
-352012
-351900
-351776
-351765
-351428
-351354
-351031
-350777
-350576
-350535
-350439
-350350
-350276
-349966
-349734
-349387
-349376
-349285
-349022
-348925
-348380
-348369
-348147
-348076
-347879
-347855
-347577
-347230
-347147
-347094
-347093
-347040
-346426
-346169
-346167
-345785
-345607
-344891
-344821
-344595
-344352
-344128
-344008
-343653
-343608
-343571
-343363
-343071
-342933
-342783
-342330
-342151
-341952
-341383
-341090
-341008
-340865
-340657
-340633
-340542
-340443
-340415
-339855
-339230
-339183
-338379
-338007
-337882
-337756
-337673
-337367
-337319
-336955
-336766
-336617
-336521
-336087
-335185
-334992
-334837
-334807
-334785
-334484
-334398
-334170
-334128
-334119
-333854
-333792
-333675
-333216
-332888
-332794
-332475
-332432
-332141
-331970
-331624
-331594
-331239
-331170
-331047
-331011
-330689
-330196
-329890
-329618
-329562
-329505
-329381
-329142
-329105
-328385
-328273
-328228
-327927
-327859
-327469
-327252
-327040
-326922
-326215
-326066
-325789
-325554
-325489
-325423
-325321
-325190
-325036
-324847
-324512
-324047
-323861
-323681
-323485
-323255
-322984
-322930
-322669
-322548
-322292
-321895
-321660
-321640
-321586
-321529
-321332
-320921
-320728
-320610
-320306
-320232
-320035
-319824
-319702
-319621
-319590
-319436
-319111
-318650
-318628
-318512
-318310
-318112
-317836
-317427
-317295
-316822
-316795
-316754
-316655
-316545
-316537
-316081
-315416
-315397
-315293
-315231
-314856
-314726
-314493
-313317
-313095
-312928
-312889
-312737
-312730
-312672
-312390
-312074
-312065
-311520
-311429
-311235
-310673
-310618
-310329
-310232
-310162
-309981
-309573
-309568
-309433
-309089
-308287
-308260
-308139
-308021
-307997
-307826
-307633
-307312
-307257
-307254
-306590
-306439
-306244
-305810
-305367
-305270
-305248
-305146
-304115
-304076
-303592
-303498
-303324
-303243
-303003
-302850
-302770
-302657
-302592
-302561
-302403
-302021
-301907
-301576
-301441
-301298
-301210
-301082
-301077
-300877
-300481
-300330
-300256
-300250
-300207
-300107
-299956
-299921
-299850
-299433
-299380
-299369
-299100
-298659
-298462
-298322
-297989
-297466
-296488
-296392
-296361
-296319
-296090
-296052
-295827
-295568
-295490
-295310
-295251
-295243
-295085
-294946
-294762
-294533
-294075
-294001
-293919
-293918
-293901
-293827
-293722
-293435
-293006
-292831
-292710
-292519
-292335
-292142
-290886
-290843
-290573
-290502
-290502
-290405
-290242
-289929
-289602
-289543
-289441
-289427
-289292
-288526
-288359
-288298
-288154
-287756
-287177
-287106
-287021
-286939
-286536
-286231
-286078
-286063
-285769
-285461
-285358
-285236
-285041
-283749
-283726
-283511
-283467
-283450
-283416
-283152
-283075
-283066
-282383
-281706
-281693
-281660
-281367
-281030
-280641
-280460
-280288
-279794
-279725
-279352
-278785
-278737
-278444
-278279
-278090
-278059
-277885
-277768
-277659
-277207
-276968
-276963
-276793
-276651
-276565
-276499
-276218
-275973
-275007
-274724
-274708
-274615
-274468
-274369
-274291
-274078
-273785
-273559
-273497
-273459
-273404
-273269
-273239
-272683
-272631
-272577
-272464
-272416
-272396
-272317
-272313
-272205
-272160
-272106
-272069
-271671
-271143
-271101
-270894
-270587
-270583
-270405
-270359
-269911
-269775
-269706
-269695
-269504
-269393
-269159
-269085
-268847
-268698
-268256
-268108
-267676
-267405
-267178
-267112
-266786
-266240
-266213
-266187
-266044
-265655
-265259
-264992
-264606
-264231
-263816
-263289
-263186
-263142
-263110
-263016
-262675
-262535
-262414
-261928
-261502
-261405
-261309
-260818
-260728
-260436
-260287
-260106
-259825
-259112
-258966
-258918
-258840
-258711
-258652
-257821
-257767
-257376
-257152
-256538
-256476
-256471
-256427
-256364
-256330
-256037
-255851
-255632
-255556
-255350
-254729
-254667
-254192
-254028
-253735
-253448
-253392
-253218
-253073
-253011
-252652
-252624
-252311
-252247
-252228
-252124
-252080
-251701
-251641
-251005
-250906
-250892
-250845
-250750
-250380
-249955
-249784
-249743
-249621
-249393
-249300
-248976
-248950
-248869
-248744
-248526
-248236
-248057
-247947
-247759
-247751
-247629
-247474
-246784
-246618
-245850
-245826
-245776
-245671
-245462
-244856
-244646
-244565
-244461
-244332
-244289
-243418
-243135
-243100
-243008
-242916
-242818
-242793
-242555
-242079
-241877
-241499
-241222
-241123
-240929
-240846
-240545
-240434
-240281
-240175
-239469
-239409
-239158
-238957
-238910
-238906
-238874
-238854
-238797
-238506
-238305
-238214
-238063
-237977
-237727
-237684
-237573
-237038
-236962
-236683
-236571
-235822
-235705
-235622
-235496
-235222
-235007
-234736
-234642
-233979
-233317
-232941
-232814
-231526
-231188
-231031
-230937
-230891
-230187
-229644
-229501
-229333
-229083
-228820
-228582
-228561
-228157
-227096
-227095
-227006
-226961
-226951
-226914
-226910
-226790
-226783
-226474
-226439
-225990
-225671
-225475
-225458
-225304
-225036
-225007
-224737
-224619
-224616
-224547
-224469
-224439
-224351
-224216
-223861
-223729
-223259
-222855
-222646
-222524
-222456
-222244
-222068
-221895
-221699
-221652
-221584
-221310
-221210
-220959
-220636
-220435
-220194
-220032
-219879
-219877
-219858
-219568
-219271
-219189
-219131
-218840
-218813
-218640
-218458
-218325
-218265
-218075
-217785
-217757
-217703
-217508
-217101
-217086
-217040
-216999
-216970
-216904
-216815
-216405
-216000
-215949
-215922
-215707
-215660
-215422
-215357
-215146
-215080
-214913
-214906
-214781
-214681
-214583
-214505
-214164
-213850
-213209
-213059
-212708
-212573
-212127
-211768
-211722
-211709
-211679
-211635
-211403
-211380
-210646
-210488
-210402
-210185
-210067
-209872
-209655
-209555
-209120
-208721
-208373
-208371
-208272
-208217
-208157
-207844
-207533
-206558
-206408
-206062
-205907
-205822
-205664
-205361
-205352
-205208
-204814
-204782
-204243
-204081
-203942
-203939
-203783
-203518
-203429
-203376
-203116
-203044
-202935
-202684
-202514
-202506
-202298
-202056
-201932
-201393
-201376
-201263
-200724
-200658
-200564
-199979
-199250
-199198
-199056
-198794
-198612
-198518
-198377
-198362
-197997
-197433
-197285
-196989
-196761
-196743
-196611
-196379
-196186
-196030
-195871
-195534
-195431
-195353
-195290
-194789
-194608
-194592
-194072
-193963
-193913
-193686
-193228
-193193
-192886
-192570
-192197
-192193
-191481
-191304
-191227
-191122
-191021
-190939
-190868
-190761
-190669
-190562
-190285
-190277
-190135
-190037
-189767
-189519
-189515
-189312
-189101
-189075
-188764
-188350
-188350
-188186
-188156
-188138
-187653
-187538
-187530
-187439
-187274
-186979
-186894
-186783
-186385
-186185
-185613
-184958
-184938
-184819
-184717
-184577
-184539
-184507
-184376
-184295
-184240
-184190
-184125
-184053
-184045
-183704
-183699
-183623
-183589
-183566
-183107
-182513
-182382
-182270
-182256
-181982
-181830
-181441
-181403
-181363
-181348
-181203
-181163
-181013
-180750
-179950
-179624
-179407
-179154
-179089
-179005
-178843
-178492
-178360
-178233
-178212
-178163
-177597
-177324
-177108
-177049
-176960
-176757
-176403
-176351
-176266
-176234
-175933
-175743
-175597
-175546
-175467
-175438
-174776
-174325
-174146
-173989
-173648
-173502
-173356
-172471
-172452
-172300
-171900
-171891
-171871
-171838
-171667
-171207
-171117
-171073
-171004
-170992
-170915
-170823
-170787
-170726
-170720
-170624
-170528
-170168
-169649
-169069
-168985
-168965
-168908
-168611
-168400
-168260
-168179
-168128
-168061
-167866
-167376
-167287
-167129
-167078
-166483
-166288
-166209
-165892
-165693
-165457
-165418
-165349
-165155
-165031
-164780
-164329
-164234
-164059
-163419
-163264
-163221
-163158
-162950
-162654
-162501
-162354
-162140
-161699
-161688
-161355
-160346
-160110
-159922
-159801
-159217
-159136
-159039
-158863
-158819
-158780
-158694
-158428
-158118
-158115
-158061
-158004
-157467
-157322
-157220
-157129
-157120
-156881
-156796
-156795
-156499
-156483
-156450
-155964
-155953
-155910
-155887
-155885
-155849
-155576
-155375
-155030
-154385
-154153
-153803
-153622
-153234
-153145
-152715
-152641
-152416
-152338
-152208
-152206
-152164
-152098
-151227
-150608
-150531
-150215
-150064
-150049
-150012
-149442
-149355
-148972
-148568
-148466
-148463
-148232
-147918
-147646
-147641
-147583
-147320
-146963
-146843
-146764
-146628
-145647
-145563
-145097
-145071
-144972
-144424
-144343
-143979
-143792
-143688
-143630
-143173
-143139
-143023
-142738
-142733
-142688
-142667
-142408
-142219
-141976
-141625
-141562
-141532
-141185
-140979
-140972
-140969
-140768
-140116
-139948
-139936
-139889
-139534
-139531
-139352
-139088
-138931
-138929
-138907
-138768
-138502
-138375
-138326
-138192
-137835
-137611
-137470
-137320
-136546
-136488
-136382
-136103
-135634
-135354
-135327
-135132
-134997
-134882
-134742
-134499
-134427
-134337
-134291
-133331
-133109
-133092
-132872
-132646
-132302
-131801
-131559
-131289
-131209
-131035
-130931
-130925
-130792
-130627
-130605
-130464
-130265
-129904
-129853
-129842
-129610
-129511
-129462
-129377
-129368
-129344
-129134
-129005
-128401
-128222
-128179
-127873
-127836
-127666
-127577
-127546
-127538
-127437
-127168
-127097
-126797
-126593
-126560
-126542
-126397
-126351
-126192
-125706
-125574
-125554
-125082
-124906
-124804
-124678
-124667
-124626
-124156
-123696
-123570
-123569
-123530
-122609
-122394
-121915
-121717
-121559
-121551
-121409
-121021
-120930
-120878
-120641
-120409
-120249
-119980
-119870
-119868
-119676
-119302
-119198
-119038
-119034
-118798
-118705
-118445
-118158
-117850
-117702
-117655
-117644
-117380
-117348
-117041
-117003
-116963
-116814
-116729
-116598
-116436
-115563
-115414
-115372
-114978
-114961
-114917
-114848
-114517
-114461
-114168
-114131
-114076
-113782
-113723
-113679
-113210
-112984
-112447
-112199
-111933
-111602
-111451
-111449
-111333
-110327
-110278
-109611
-109350
-109080
-109069
-109006
-108909
-108822
-108791
-108503
-108303
-108196
-107879
-107864
-107649
-106924
-106542
-106204
-106190
-106103
-106036
-106035
-105748
-105658
-105629
-105444
-105107
-105027
-104936
-104763
-104349
-104311
-103841
-103682
-103282
-102883
-102881
-102867
-102849
-102141
-101770
-101474
-101164
-100866
-100815
-100197
-100098
-100057
-99945
-99799
-99770
-99254
-99085
-99031
-98910
-98737
-98690
-98604
-98389
-98100
-98025
-98016
-97978
-97875
-97854
-97832
-97405
-96927
-96877
-96530
-96497
-96469
-96306
-96114
-95535
-95415
-95186
-95142
-94632
-94579
-94560
-94392
-94236
-94172
-93739
-93682
-93667
-93657
-93365
-93363
-93179
-93137
-93113
-92707
-92610
-92131
-91992
-91832
-91412
-91228
-91182
-90598
-90357
-90184
-90040
-89940
-89778
-89776
-89770
-89547
-89519
-89514
-89475
-89344
-89211
-89130
-89114
-89004
-88943
-88838
-88512
-88473
-88440
-88230
-88046
-87503
-87494
-87299
-86771
-86527
-86397
-86219
-85848
-85843
-84703
-84599
-84470
-84249
-84160
-83524
-83417
-83249
-83149
-82728
-82564
-82468
-82441
-82408
-82239
-82198
-82075
-82035
-82008
-81834
-81261
-81208
-80768
-80751
-80600
-80481
-80360
-80279
-80155
-79905
-79520
-79411
-79093
-78988
-78899
-78397
-78391
-78320
-77911
-77473
-77328
-77326
-76874
-76557
-76480
-76364
-76346
-76343
-76332
-76178
-76121
-75955
-75941
-75915
-75737
-75649
-75199
-75174
-75167
-74862
-74853
-74378
-74287
-73976
-73803
-73737
-73479
-73354
-72796
-72573
-72508
-72348
-72238
-72112
-71728
-71522
-71425
-71401
-71236
-71233
-70805
-70400
-70045
-69941
-69584
-69371
-69236
-69025
-68965
-68913
-68709
-68660
-68617
-68325
-68232
-68226
-68196
-68133
-67974
-67961
-67913
-67884
-67611
-67535
-67526
-67493
-67142
-67085
-67010
-66982
-66973
-66560
-66243
-66141
-65802
-65375
-65365
-65292
-65192
-65173
-64946
-64920
-64482
-64370
-63523
-63480
-63476
-63281
-63163
-62973
-62768
-62624
-62506
-62337
-62330
-62248
-62184
-61988
-61963
-61689
-61437
-61386
-61322
-61192
-61123
-60816
-60723
-60497
-60133
-59919
-59879
-59807
-59258
-58905
-58626
-58378
-58361
-58331
-58137
-58072
-58049
-57930
-57915
-57908
-57745
-57636
-57523
-57432
-57293
-57134
-56872
-56866
-56770
-56732
-56459
-55969
-55741
-55740
-55572
-55476
-55110
-54849
-54006
-53892
-53770
-53704
-53679
-53252
-53131
-53118
-53026
-52782
-52710
-52494
-52477
-51583
-51421
-50896
-50849
-50828
-50795
-50208
-50063
-49863
-49274
-48830
-48807
-48794
-48698
-48675
-48503
-47747
-47448
-47308
-47081
-46984
-46712
-46186
-45892
-45879
-45568
-45448
-44785
-44753
-44674
-44348
-44269
-43800
-43117
-42359
-42159
-42075
-41981
-41353
-41179
-40974
-40825
-40683
-40493
-40272
-40056
-40023
-39891
-39481
-39263
-39222
-39197
-39128
-38899
-38869
-38676
-38563
-38559
-38348
-37749
-37529
-37525
-37517
-37397
-37331
-37183
-36997
-36958
-36843
-36781
-36459
-35959
-35732
-35394
-35133
-34973
-34595
-34383
-33718
-33184
-33074
-32729
-32458
-32428
-32160
-32149
-32092
-31835
-31561
-31451
-31215
-30527
-30387
-30025
-29998
-29909
-29810
-29613
-28840
-28528
-28470
-28292
-28006
-27990
-27598
-26856
-26846
-26790
-26630
-26410
-26342
-26240
-26212
-25819
-25765
-25229
-24957
-24474
-24398
-24397
-24373
-24224
-24217
-23960
-23711
-23423
-23188
-23157
-23113
-23077
-23059
-23013
-22892
-22311
-22257
-22023
-21617
-21568
-21463
-21345
-21305
-20503
-20249
-19807
-19562
-19183
-19039
-18988
-18727
-18530
-18386
-18168
-17911
-17716
-17650
-17532
-17512
-17287
-17021
-16935
-16260
-15729
-15331
-15256
-14930
-14911
-14813
-14783
-14622
-14529
-14206
-14094
-13646
-13573
-12024
-11760
-11684
-11471
-11383
-11176
-11126
-10317
-10298
-10060
-9184
-9179
-9109
-8938
-8221
-8058
-7919
-7801
-7352
-7193
-6987
-6641
-6431
-6076
-5938
-5848
-5567
-5458
-5323
-5258
-5109
-5011
-4781
-4733
-4537
-4525
-4152
-3589
-3379
-2665
-2296
-2285
-1993
-1671
-1623
-1034
-982
-978
-638
-458
-365
-364
-279
-246
257
457
461
722
777
788
956
1334
1508
2624
2740
2958
3028
3079
3332
3392
3441
4512
5045
5643
5694
6017
6242
6387
6675
6896
6935
6953
7126
7139
7284
7321
7601
7736
7896
8098
8814
8819
9070
9218
9414
9878
9907
10149
10553
10815
10973
11022
11768
11790
11849
12139
12266
12276
12538
12815
12964
13118
13398
13501
13817
13825
13837
13968
14415
14536
14565
15431
15500
15686
15859
15924
16146
16380
16523
16709
16845
16869
17296
17597
17694
17760
17773
17914
17943
18152
18817
19682
20233
20460
20647
20746
20970
20998
21530
21547
21622
21687
21778
21985
22013
22244
22619
22831
22907
23181
24351
24512
25139
25352
25559
25689
25903
26143
26239
26380
26419
26485
27089
27251
27585
28107
28260
28300
28499
28532
29071
29147
29349
29397
29631
29716
29754
30203
30287
30305
30805
30977
31361
31573
32028
32112
32483
32504
32504
32763
32825
32845
33137
33272
33471
33521
33681
34250
34269
34389
34465
34548
34857
34998
35093
35581
35620
35704
35825
35963
36090
36478
36633
36799
36991
37004
37031
37178
37242
37312
37340
37662
37833
37979
38287
38317
38531
38689
39038
39187
39522
39522
39582
39945
40037
40234
40249
40314
40629
40729
40899
40899
41037
41181
41494
41836
41984
42144
42292
43235
43937
43950
44278
44789
44909
44929
44982
45151
45433
45503
45722
45928
46187
46547
46601
46762
47094
47325
47491
47815
47865
47979
48369
48451
49085
49197
49222
49287
49509
49596
49613
49682
49920
49981
50245
50969
51187
51215
51455
51505
51876
52790
53660
53778
54104
54316
54585
54894
54894
55101
55154
55189
55253
55337
55339
55778
55820
55963
56809
56862
57136
57268
57638
57683
57851
57937
58015
58193
58198
58201
58678
58886
59057
59419
60421
60805
61097
61629
61695
62098
62300
63026
63336
63503
63706
63835
63979
64325
64621
64661
65854
66358
66397
66747
66864
67110
67398
67675
68156
68253
68676
68719
68816
69055
69100
69402
69416
69464
69664
69786
69869
70074
70475
71171
71355
71376
72156
72682
72895
73240
73434
73435
73545
73778
73990
74744
74786
74802
75016
75526
75930
76191
76255
76308
76321
76378
76648
77070
77215
77581
77679
77927
78060
78243
78379
78393
78403
78505
78582
78737
78754
79147
79537
79858
79951
80176
80208
80302
80349
80700
80883
80887
81432
81445
81643
81666
81709
81850
82347
82385
82665
82734
82798
82986
83223
83229
83545
83584
83838
84143
84198
84358
84484
84617
84694
85130
85433
85629
86055
86403
86477
86684
86947
87264
87299
87311
88022
88051
88059
88582
88582
89117
89492
89852
89967
90138
90257
90306
90401
90464
90492
91445
91813
92048
92100
92249
92401
92550
92776
92889
93007
93055
93061
93137
93214
93479
93500
93650
93954
94134
94303
94439
94611
94975
95138
95361
95428
95506
95770
95812
95886
95954
95961
95990
96112
96213
96224
96374
96603
96632
96754
97152
97325
97475
97488
98090
98214
98805
99076
99363
99417
99545
99605
100028
100192
100325
101021
101091
101376
101791
101940
102099
102323
102344
102466
102496
102639
102719
102721
102816
103151
103196
103215
103237
103527
103988
104273
104439
104454
104470
104519
104781
104906
105127
105341
105407
105605
105984
106026
106178
106273
106327
106471
106479
106488
106799
106840
107048
107094
107886
107936
107966
108041
108458
108810
109602
109792
109931
110075
110569
110708
110747
110964
111013
111021
111286
111535
112151
112303
112307
112807
113051
113279
113310
113456
113563
113803
113975
114296
114842
115235
115435
115437
115730
116035
116336
116665
116724
116786
116795
117025
117187
117370
117499
117504
117556
117694
117785
117904
117913
118008
118041
118229
118276
118459
118907
118939
119395
119860
119923
120317
120380
120522
120595
121133
121191
121347
121372
121572
121619
121737
122023
122822
122872
122990
123132
123412
124028
124174
124262
124305
124552
124611
124903
125433
125446
125535
125709
125940
126155
126221
127130
127372
127395
127465
127559
127776
127974
128141
128196
128734
128745
128835
129086
129288
129970
130306
130559
130735
130880
131129
131183
131368
131710
131738
131823
132122
132525
132627
133239
133556
133577
133846
133864
133930
134303
134305
134306
134475
134717
134757
134779
135043
135096
135099
135107
135656
135730
135950
136186
136269
136839
136873
136942
137813
137901
138181
138254
138589
138604
138769
138939
139237
139494
139733
139798
140544
141011
141319
141358
141457
141647
141733
141877
142469
142596
142645
142678
142699
142811
142824
142825
142884
143184
143224
143262
143499
143505
143560
143584
143698
143704
143714
143869
144417
144517
144636
145006
145041
145212
145488
145689
145934
146122
146173
146210
146675
146790
146917
146981
147119
147463
147483
147623
147751
147826
147931
148363
148617
148641
148893
148963
149238
149362
149699
149712
150273
150434
150674
150717
150738
150753
150946
151125
151307
151753
151831
151931
152571
152642
152696
152714
152878
152913
153048
153192
153457
153652
154145
154287
154773
155095
155163
155327
155628
155735
155836
155985
156010
156185
156321
156389
156473
156752
156932
156981
157191
157309
157524
157683
157920
158403
158922
159199
159993
160444
160664
160938
161263
161595
161898
161948
162252
162539
162737
162830
162891
163130
163386
163581
163745
163810
163868
163885
163963
163999
164115
164363
164471
164669
164809
164872
165698
165942
166577
166606
166733
166792
166914
166925
167347
167830
167886
167935
168041
168122
168327
168378
168610
168640
168982
168989
169222
169402
170015
170144
170618
171351
171412
171747
171885
172512
173409
173996
174950
175189
175214
175464
175670
175870
175982
176127
176216
176329
176644
176837
177053
177129
177229
177551
177696
177869
178048
178082
178212
178335
178837
178862
178872
178892
179105
179208
179471
179478
179578
179960
180106
180137
180281
180356
180496
180615
180692
180780
180810
180891
180955
181018
181379
181458
181611
181793
182091
182319
182848
182909
183037
183256
183558
184421
184574
184729
184930
185065
185223
185571
185818
186419
186615
186677
186714
186769
187135
187925
187930
187996
188033
188212
189017
189134
189155
189329
189375
189425
189821
189983
190262
190593
190700
190705
190743
191066
191169
191295
191608
191908
191996
192478
192684
192793
193010
193173
193425
193620
193626
193753
193804
194226
194407
194574
194624
194649
194837
195029
195031
195634
195804
195860
196164
196175
196252
196343
196755
196968
197296
197343
197388
197439
197737
198006
198125
198270
198665
198713
198728
198819
199211
199235
199482
199483
199590
199646
200003
200044
200103
200197
201156
201258
201289
201347
201423
201527
201599
201639
201873
202413
202566
202659
202896
203207
203299
203428
203496
203671
203909
203970
204051
204281
204368
204514
204709
204827
205408
205525
205625
205662
205935
206178
206323
206487
206846
206990
207087
207190
207281
207346
207355
207908
208090
208274
208695
208740
208753
209045
209142
209176
209207
209583
209714
210374
210405
210791
210957
211303
211595
211746
212024
212541
212824
212887
212893
212971
213261
213500
214206
214606
214693
215180
215227
215577
215599
215638
215729
215807
216107
216154
216218
216612
216776
217228
217234
217507
217750
217785
218071
218200
218618
218702
218773
219106
219256
219283
219353
219451
219831
219864
219947
220100
220253
220579
220977
221159
221177
221205
221288
221328
221475
221752
222393
222441
223625
223746
223774
223833
223847
223976
224307
224667
224763
224898
225390
225483
226332
226346
226369
226376
226426
227048
227116
227164
227179
228482
228501
228724
229338
229361
229767
229935
230375
231021
231210
231336
231418
231481
231538
231805
231834
231900
231971
232539
232781
232836
232868
233053
233134
233195
233225
233235
233958
234108
234200
234299
234593
235015
235081
235117
235193
236316
236375
236417
236420
236658
236962
237770
237881
238145
238288
238439
238500
238628
238632
238803
239129
239409
239819
239824
239864
239945
240033
240043
240457
240590
240810
241384
241531
241802
241824
241835
241865
242008
242076
242294
242392
242416
242416
242568
242612
242643
242690
243433
243825
243836
243861
244128
244247
244383
244419
245005
245343
245415
245543
245610
245741
245985
246002
246011
246446
246533
246992
247150
247403
247602
248112
248136
248327
248621
248937
249430
249744
249907
249919
249941
250003
250072
250515
250552
250721
250842
250895
251344
251879
252174
252282
252654
252805
252869
253293
253335
253444
253579
253927
254077
254385
254410
254454
254551
254678
254930
255161
255609
255828
256102
256184
256205
256207
256230
256563
256599
257288
257837
258016
258049
258090
258520
258845
258866
259203
259220
259273
259980
260325
260369
260672
261322
262051
262243
262356
262575
262597
262644
262711
263003
263172
263668
263677
263895
263898
263967
263976
264090
264101
264117
264142
264331
264346
264406
264635
265057
265068
265104
265369
265481
265684
266225
266227
266286
266427
267959
268083
268470
268653
268807
269030
269187
269296
269483
269533
269576
269649
269697
269765
269949
270007
270016
270409
270683
271174
271265
271521
271847
271880
271904
272230
272455
272649
273003
273119
273172
273547
273963
273966
274213
274237
274270
274280
274468
274513
274538
274615
274653
274824
274830
275528
275604
275673
276016
276028
276283
276301
276303
276488
276608
277146
277274
277739
277819
277890
278196
279089
279105
279214
279225
279348
279350
279402
279566
279788
279802
279983
280206
280455
280651
280803
280844
281024
281182
281423
282148
282183
282213
282609
282772
282999
283007
283329
283548
283615
283637
284019
284256
284418
284451
284663
284780
284835
284878
285147
285410
285783
286027
286630
286899
287433
287506
287554
287570
287606
287852
288047
288543
288623
288908
288916
288939
289298
289598
289658
290079
290432
290502
291114
291163
291438
291512
291964
292093
292237
292311
292405
292676
292822
292838
293015
293158
293186
293501
293594
293693
293712
293994
294002
294143
294260
294387
294409
294453
294511
294537
294676
294676
294823
294884
295068
295088
295204
295267
295576
295831
295900
296246
296370
296666
297216
297407
297429
297590
297651
298103
298188
298396
298699
299046
299454
299622
299826
300423
300485
300588
300654
300864
300884
300893
301006
301127
301222
301434
301528
301883
301923
301930
301995
302074
302096
302195
302649
302793
302851
303592
303845
303953
304033
304172
304719
305002
305149
305185
305335
305595
305932
306116
306162
306409
307046
307079
307200
307359
307995
308206
308239
308308
308339
308938
308978
310711
310739
310967
311151
311779
312101
312291
313107
313314
313999
314308
314492
314540
314650
314804
314875
315046
315101
315807
315878
316206
316246
316248
316304
316715
317030
317138
317232
317237
317472
317906
318045
318075
318302
318484
318497
318585
318754
318863
319018
319130
319295
319564
320256
320298
320485
320579
320735
320794
320962
321047
321089
321110
321241
321492
321633
321716
321810
321963
321970
322003
322042
322381
322531
322570
323807
323856
323873
323902
324016
324301
324415
324739
324747
324761
324906
324917
325052
325413
325441
325807
326103
326108
326572
326777
326987
327053
327076
327077
327079
327152
327321
327615
327653
327855
328131
328315
328348
328409
328582
328858
328922
328957
329232
329702
329938
330068
330308
330323
330539
330621
330881
330983
331163
331231
331513
331570
331722
332024
332042
332071
332105
332137
332413
332499
332971
333227
333274
333334
333653
333831
334338
334347
334569
334809
334869
335021
335097
335160
335567
335581
335606
335870
336060
336192
336298
336321
336705
336797
337044
337198
337590
337867
338193
338247
338332
338380
338412
338951
339014
339491
339810
340083
340249
340409
340640
340656
340945
340999
341013
341357
341379
341998
342064
342262
342278
342318
342661
342846
343736
344276
344443
344546
344582
345034
345264
345293
345408
345445
345759
346273
346301
346379
346704
346737
346740
346779
346812
347081
347131
347139
347225
347240
347497
347573
347669
347823
348751
348826
348841
348870
349187
349230
349364
349888
350945
351449
351679
351869
351881
351994
352103
352112
352192
352218
352372
352748
353210
353513
353598
353600
353930
354317
354423
354702
355056
355103
355248
355520
355533
355546
356115
356328
356390
356409
356650
357098
357218
357375
357673
357866
358019
358036
358043
358118
358166
358381
358438
358637
359034
359129
359406
360092
360185
360212
360245
360359
361072
361416
362468
362645
362673
363180
363314
363385
363914
364094
364285
364952
365041
365114
365667
365995
366161
366246
366647
366736
367121
367299
367490
367600
367781
367902
367952
368122
368269
368349
368792
368852
368971
368995
369012
369039
369054
369378
369529
369551
369641
369822
370154
370236
370608
370928
370960
370980
371070
371661
371810
372150
372622
372643
373028
373605
373661
373801
374289
374457
374597
374640
374723
375486
375663
376054
376479
376639
376983
377015
377076
377128
377207
377237
377526
378003
378358
378383
378511
378857
379036
379086
379171
379301
379531
379643
380512
380546
380691
380719
380878
380995
381042
381065
381283
381520
382038
382574
382812
383179
383368
384029
384329
384626
384638
384774
385154
385365
385477
385537
385650
385660
386353
386547
386797
386831
386854
387422
387627
387722
387830
387970
388393
388510
388784
388808
388903
389043
389205
389685
389789
389863
389904
389970
390156
390196
390704
390723
390740
390985
391013
391116
391321
391536
391548
391711
391815
391826
392320
392371
392550
392947
393774
393854
394022
394028
394119
394138
394442
394515
394585
394611
394763
395424
395518
395560
396136
396265
396304
396426
396535
397229
397304
397329
397361
397654
397849
398045
398130
398313
398333
398440
398464
398677
399037
399066
399233
399273
399924
401030
401124
401167
401385
401704
402054
402276
402831
403142
403153
403178
403193
403564
403586
403612
404000
404068
404079
404514
404918
405093
405907
405945
406055
406341
406588
406673
406822
406904
407001
407079
407270
407785
407888
407918
408106
408114
408333
408722
408932
409145
409567
409667
410422
410462
410683
410772
410846
410888
410889
410932
410950
411209
411227
411285
411490
411737
411857
412332
412396
412429
412731
412818
412957
413042
413357
413403
413568
413989
414544
414669
414682
414764
415172
415188
415534
415595
415653
416162
416213
416266
416814
416825
417037
417100
417645
417924
417929
418034
418140
418372
418899
419105
419696
419736
419863
419970
420066
420377
420424
420447
420785
421491
422013
422276
422620
422829
422909
423139
423445
423555
423914
423974
423985
424058
424096
424266
424650
424791
424882
424977
425530
425547
425567
426207
426321
426337
426821
426973
427145
427463
427467
427757
427767
427919
427983
428609
428837
429392
429525
429718
430078
430089
430137
430673
430679
430706
430872
430927
430936
430939
431539
431672
431868
432035
432126
432443
432531
433660
433692
433693
433977
433986
434109
434272
434289
434526
434803
434887
434913
434954
435161
435324
435429
435731
435917
435978
436013
436354
436394
436555
436687
436829
436990
437105
437152
437175
437379
437385
437716
438060
438637
438988
439323
439446
440041
440475
440603
440655
440786
440828
440989
441109
441258
441500
441552
441834
442209
442405
442716
442732
442818
442953
443071
443209
443221
443246
443657
443729
443866
443976
443994
444087
444140
444517
444776
444832
445030
445040
445356
445439
445442
446050
446669
447650
447912
448041
448305
448626
448672
448734
448984
449022
449045
449303
449437
450081
450216
450468
450532
450569
451076
451328
451526
451587
451711
451816
451834
451870
451949
452330
452914
453011
453393
453524
453873
454120
454395
454423
454597
454700
455115
455544
456079
456089
456393
456520
456539
456547
456701
456817
456968
457066
457632
457762
458003
458033
458153
458188
458352
458510
458715
458742
458752
458781
459095
459168
459185
459202
459265
459346
459760
461072
461509
461602
461675
461881
462034
462194
462395
462834
462835
463125
463459
463513
463617
464619
465145
465145
465428
465737
465858
466226
466419
466714
466718
467062
467590
467688
468008
468068
468178
468475
468662
468686
468804
468955
469104
469490
469516
469536
469612
470022
470032
470218
470352
470518
471211
471286
471812
471937
472283
472402
472508
472707
472725
472792
472876
473010
473040
473066
473485
473789
474263
474581
474673
474833
475054
475176
475691
476118
476259
476330
476768
476918
477106
477334
477455
478075
478104
478171
478322
478389
478496
478581
478653
478761
478863
478910
479313
479509
479515
479650
479852
480020
480251
480300
480552
480727
480762
480794
480992
481285
481466
481639
481876
481918
482140
482282
482311
482338
482677
482925
482939
483365
483366
483517
483525
483588
483602
483758
483929
484028
484453
485255
485676
485711
485772
486337
486384
486502
486518
486665
486985
487050
487275
487483
487795
487873
487896
487909
487981
488009
488058
488082
488093
488249
488594
489934
489954
489980
490436
490560
490614
491100
491218
491295
491402
491572
491987
492106
492294
492345
492371
492718
492758
492806
492829
493163
493429
493483
493771
493899
494411
494500
494635
495205
495223
495474
495592
495957
496406
496528
496782
497029
497064
497161
497281
497361
497457
497578
497908
498055
498276
498383
498651
498671
498744
498860
499319
500000
500036
500277
500417
500476
500641
500812
500973
501125
501295
502317
502493
502573
502594
502615
502778
503256
503589
504300
504719
504867
504897
505129
505221
505311
506461
506505
506508
506639
506683
506691
507169
507218
507344
507379
507670
507916
507956
508061
508115
508526
508584
508900
509348
509380
509470
509512
509577
509649
510033
510240
510247
510256
510417
510513
510781
511006
511035
511430
511653
511753
512116
512491
512548
512640
512665
512872
513009
513263
513296
513516
513531
513625
513784
513816
513935
514199
514430
514481
514573
514590
515291
515369
515661
515997
516242
516377
516448
516533
516542
516566
516638
516891
517225
517390
517787
517870
517943
518265
518332
518354
519009
519398
519426
519436
519609
519778
519811
519892
520016
520037
520540
521034
521084
521542
521726
522594
522885
523407
524003
524040
524074
524733
524938
524978
525058
525371
525451
525482
525566
525901
525932
526455
526737
526912
527021
527109
527538
527756
527771
528203
528428
528476
528580
529022
529183
529215
529279
529304
529335
530261
530332
530358
530403
531085
531623
531813
532280
532434
532462
532555
532591
532929
533119
533451
533457
533592
534254
534637
535191
535264
535289
535388
535661
535697
536079
536235
536312
537040
537044
537291
537486
537978
538148
538736
538866
539001
540012
540440
540917
540935
541086
541484
541543
541696
541824
542914
542917
543454
543842
544007
544296
544446
544469
544590
545037
545044
545218
545241
545288
545485
545793
545861
546278
546324
546731
546852
546931
547120
547149
547192
547240
547539
547553
547607
548144
548247
548333
548415
548428
549275
549558
550212
550763
550872
551225
551578
551781
551793
551822
552538
552562
552916
552951
553063
553442
553557
553734
553940
554138
554324
554333
554349
554961
555057
555135
555166
555518
555798
555932
556086
556344
556669
556756
556777
556992
557268
557271
557487
557498
557502
557620
557803
558315
558866
558878
558987
559122
559308
559764
559777
559837
559863
559968
560378
560484
560606
560865
561140
561424
561434
561627
562181
562351
562472
562581
563355
563448
563827
564003
564531
564650
565188
565333
565467
565497
565644
565893
566023
566298
566585
566818
566919
567055
567145
567323
567354
567456
567499
568264
568276
568567
568573
568706
569226
569284
569442
569508
569687
569770
570073
570093
570280
570624
570708
570854
571560
571761
571788
572581
572978
573151
573187
573290
573677
573959
573975
574387
574499
574501
574691
574729
575030
575068
575097
575427
576318
576697
577280
577391
577513
577564
577965
578078
578368
578391
578400
578471
578510
578561
578627
578708
578813
579288
579420
579715
579788
579813
580120
580515
581008
581303
581499
581696
581704
582197
582460
582492
582781
582782
583056
583109
583570
583649
583674
583879
584127
584290
584617
585100
585102
585263
585472
585662
585875
585977
586036
586257
586273
586730
587116
587208
587276
587423
587458
587579
588068
588159
588302
588321
589002
589058
589204
589674
589707
589781
590117
590276
590622
591925
591970
592217
592480
592892
593076
593522
594398
594747
594756
594971
595522
595698
595739
595756
595922
596133
596722
597000
597033
597054
597132
597179
597245
597337
597834
597899
598451
598792
598887
598956
598968
599077
599252
599263
599769
599907
600060
600197
600278
600335
600548
600890
600995
601194
601321
601464
601710
601729
601775
601781
601824
601939
602423
602456
602485
602687
602711
602905
602979
603026
603423
603694
603817
603824
603950
604029
604296
604382
604500
604556
604717
604883
605028
605062
605117
605128
605144
605496
606083
606391
606467
606500
606524
607305
607379
607596
607769
608091
608116
608269
608274
608439
608895
608909
609267
609510
609525
609646
610290
610590
610693
610773
611346
611522
611756
612126
612178
612337
612497
612684
613090
613134
613237
613315
613441
613840
613903
614299
614398
614548
614567
615359
615452
615524
615608
616329
616488
617262
617544
617644
617981
618467
619417
619576
620010
620075
620855
620895
621043
621076
621164
621184
621442
621715
621806
621989
621995
622180
623647
623676
623814
623957
624030
624245
624334
624480
624879
625062
625415
625598
625603
625649
625696
626057
626297
626387
626974
627098
627301
627730
628373
628500
628650
628668
628878
629384
629826
629866
630401
630419
630554
630693
630702
630734
630842
631317
631810
632227
632500
632806
632851
633038
633811
633857
634052
634904
635506
635573
636089
636161
636491
636876
636951
636952
637193
637489
637757
637804
638090
638287
638395
638550
638719
638780
639330
639387
640437
640966
641048
642418
642421
642516
642869
643150
643328
643371
643423
643590
643621
643794
643956
643965
644197
644217
644254
644480
644857
644893
645082
645099
645182
645187
645311
646270
646465
646474
646594
646617
646927
646935
647402
647412
647705
647876
648001
648051
648119
648313
648370
648452
648655
648940
648954
648990
649012
649275
649286
649493
649547
649652
650226
650523
650533
650617
650648
651083
651092
651245
651293
651326
651822
651888
652070
652134
652326
652815
653108
653155
653231
653241
653251
653733
653752
653877
653965
654164
654186
654238
654272
654370
654454
654672
654866
655002
655116
655168
655233
655770
655925
655986
656623
656896
657099
659160
659357
659667
659897
660388
660428
660431
660507
661889
662085
662192
662270
662396
662431
662525
662531
662580
662917
662946
663052
663092
663382
663853
664113
664534
664597
664803
664909
665270
665429
666039
666217
666291
666522
666653
666911
667145
667218
667622
667630
667704
667787
667866
667982
668066
668135
668577
668847
668940
669023
669075
669505
669605
669612
669776
669866
669893
670032
670184
670292
670306
670360
670420
670449
670779
670794
671102
671139
671765
672037
672040
672111
672361
672385
673150
673183
673204
673440
674068
674246
674250
674357
674508
674562
674627
674754
674827
674976
675210
675464
675734
675784
675968
676447
676948
677179
677381
677649
678081
678299
678307
678319
678342
678529
678537
678572
678677
678792
678827
679143
679185
679190
679210
679339
679641
679852
679935
680245
680747
680833
681038
681318
681417
681582
681732
681878
681888
681894
682189
682296
682302
682519
682945
683014
683171
683606
683653
684082
684216
684252
684441
684482
684646
684806
684993
685110
685149
685296
685340
685377
685395
685469
685552
685766
685941
686418
686905
687086
687267
687283
687653
688112
688336
688384
688523
688722
689048
689069
689530
689617
690000
690178
690438
690539
690544
690820
691276
691639
691894
691947
692302
692364
692608
692629
692654
692734
692924
693182
693473
693487
693505
694202
694318
694552
694584
694592
695295
695328
696290
696376
696391
697109
697216
697484
697506
698136
698155
698260
698669
698890
698979
699140
699272
699322
699486
699514
699544
699639
699947
700265
700721
700917
700939
701162
701308
701553
701947
702009
702309
702475
702845
703007
703532
703533
703907
704107
704281
704347
704733
704767
705104
705222
705360
705549
705753
706416
706527
706646
706876
706911
707020
707203
707560
707602
707614
707825
707868
707869
708104
708184
708590
708703
708763
708943
708996
709027
709051
709677
710386
710497
710589
710729
710910
711531
711781
712430
712474
712822
713306
713402
713674
713864
714012
715063
715097
715224
715805
715862
716051
716079
716126
716150
716347
716530
716532
716613
716658
716870
717130
717161
717336
718106
718145
718162
718274
718499
718556
718737
718752
718945
719070
719341
719376
719789
719915
719919
719958
720228
720233
720497
720734
720892
721424
721742
721864
721872
721916
722166
722229
722250
722424
722577
722678
722971
723115
723160
723245
723519
723592
723671
723927
724296
724427
724631
724830
725067
725790
726494
727044
727046
727096
727174
727258
727490
727575
728161
728452
728504
728546
728780
728892
729081
729238
729466
729549
729651
730007
730186
730710
730738
730797
731364
731395
731401
731760
731928
732001
732033
732616
732627
732665
733529
733611
733620
733638
733828
733868
734096
734186
734613
734918
735000
735018
735182
735301
735337
735520
735669
735928
736524
736612
736845
736859
736875
736922
736924
736972
737213
737248
737409
737861
737883
738625
739065
739143
739188
739256
739475
739519
739708
739739
739876
739934
740092
740157
740256
740492
740654
740963
741032
741118
741226
741423
741510
741614
741732
741919
741954
742003
742026
742169
742222
742820
743411
743651
744038
744187
745062
745193
745212
745272
745395
745438
745440
745521
745621
745757
745814
746133
746267
746606
746803
747127
747170
747459
747632
748722
748739
748774
748932
748970
749257
749459
749461
749925
749928
750106
750137
750411
751445
751479
751803
752149
752153
752475
752915
752926
753013
753139
753209
753683
753810
753878
754097
754488
754856
754867
755139
755292
755363
755493
755695
755756
755918
755944
756156
756251
756454
756641
756762
757291
757362
757364
757405
757455
757465
757710
757749
757777
758095
758257
758317
758363
759040
759652
759954
760047
760063
760304
760486
760684
760766
761376
761540
761884
761885
762231
762279
762325
762332
762413
762534
762808
762810
762917
763001
763130
763175
763307
763309
763343
763555
763959
763999
764431
764435
765044
765071
765179
765390
765492
765641
765876
765928
766290
766521
766559
766717
766725
766981
766984
767288
767332
767518
767522
767577
767702
767721
768306
768489
768852
768861
769395
769467
769580
769638
769973
770266
770722
770751
770999
771053
771808
771821
771948
771952
772165
772464
772610
772816
772946
773096
773421
773597
773943
774040
774252
774343
775081
775279
775648
775911
776673
776739
776817
776921
777058
777325
777621
778558
778762
779024
779265
779378
779390
779443
779655
779730
779791
779805
779971
780005
780188
780224
780644
780865
781223
781512
781578
781706
781944
782009
782210
782507
782586
782642
783045
783183
783197
783347
783406
783612
784147
784641
784696
784937
785094
785210
785312
785531
785728
785821
786447
786534
786715
786794
786993
787055
787107
787695
787775
788377
788402
788438
788616
788750
788782
788809
788865
789087
789658
790823
790838
791135
791630
791754
792140
792401
792423
792658
792915
792960
793373
793460
793474
793537
793994
794439
794479
794481
794783
794791
794953
795148
795459
795702
795786
795797
795860
795879
795881
796048
796088
796104
796548
796558
796575
796677
796696
796697
797109
797189
797400
797692
797771
797909
798321
798349
798599
798679
798864
798917
798947
799123
799470
799837
799871
799970
800038
800075
801347
801395
801580
801979
802200
802409
802455
802456
802754
802924
802940
803208
803694
803918
804022
804521
804701
805060
805244
805254
805305
805331
805417
806181
806193
806425
806526
806535
806744
807215
807239
807394
807475
807760
807835
808553
808659
809021
809075
809325
809365
809414
809612
810157
810183
810282
811207
811440
811522
811851
811947
812191
812287
812439
812511
813141
813323
813399
813447
813541
813701
813810
813878
814053
814203
814318
814349
814545
814641
814911
814914
814957
814962
814970
815574
815978
816148
816207
816262
816558
816692
817524
818134
818216
818321
818927
819202
819627
819699
819731
820394
820433
820899
821023
821275
821433
821559
821864
821904
821973
822378
822387
822580
822605
823312
823402
823461
823551
823756
823809
824195
824206
824277
824312
824329
824385
825020
825055
825237
825363
825665
825833
825873
826170
826692
826941
826978
827528
827912
827930
828221
828330
828850
828951
829098
829298
829407
829533
829583
829640
829653
829847
829964
830173
830269
830319
830480
830541
830745
831020
831241
831496
831517
831624
831856
831954
832163
832182
832746
832754
832811
832889
833077
833277
833616
833802
833803
833850
833870
833964
834200
834385
834413
834575
834599
834791
834890
835125
835238
835296
835451
835547
835841
835893
836206
836461
836595
836627
836869
836928
837264
837849
837882
837930
837951
838031
838132
838370
838540
838666
838686
838710
839086
839164
839533
839673
840304
840317
840433
840493
840682
840734
840772
840902
840978
841432
841649
841763
841772
842085
842086
842134
842634
842892
842913
842980
843095
843514
843599
843767
843909
844189
844272
844827
844882
845679
846164
846417
846580
847070
847184
847192
847212
847361
847377
847431
847637
848391
848403
848820
849058
849362
849371
849603
849639
849641
849765
850099
850196
850208
850242
850351
850412
850629
850734
850863
851128
851160
851335
851368
851485
851526
851782
852030
852281
852378
852386
852837
852952
853331
853892
854216
855215
855818
855827
856021
856223
856391
856576
856681
856783
856799
857031
857233
857234
857260
857283
857285
857512
857582
857589
857788
857830
858293
858397
858462
858497
858605
858664
859167
859398
859621
859672
859978
860182
860475
860525
860560
860942
861041
861654
861713
861869
862150
862208
862209
862453
862485
862953
863011
863338
863557
863593
863812
863812
863830
863945
864034
864778
865038
865215
865392
865717
866151
866616
866928
867239
867431
867605
867784
867922
868035
868150
868203
868540
868817
869443
869886
869902
870784
871316
871319
871442
871532
871743
872137
872626
872832
872852
873024
873296
874062
874156
874432
874474
874671
874780
874901
874903
874912
875066
875138
875503
876040
876206
876223
876522
876621
876626
876660
876902
877209
877209
877230
877605
877695
877713
877761
878525
878798
879022
879428
879448
879636
879638
879723
879825
879921
880147
880252
880318
880640
880958
881474
881475
881529
881696
881778
882430
882488
882607
882815
883158
883233
883732
883894
883918
884220
884446
884574
884791
884902
885008
885232
885250
885477
885570
885719
885768
885877
885889
886303
886416
886674
887561
887934
888443
888465
888965
889166
889201
889226
889548
889624
889715
889756
889782
889959
889970
889994
890150
890288
890315
890464
890601
890689
890693
890880
891114
891354
891389
891451
891466
891541
891701
892130
892467
892770
892889
892976
892998
893122
893271
893561
893659
894098
894586
894699
894806
894895
895095
895337
895418
895419
895656
895753
895890
896168
897344
897782
898106
898229
898256
898289
898422
898433
898441
898457
898636
898746
898749
899031
899179
899373
899474
899591
899598
899787
899794
900282
900552
900645
900722
900746
901178
901567
902134
902485
902673
903110
903446
903685
904031
904140
904183
904501
904593
904941
905191
905288
905712
905906
905916
906103
906488
906491
906824
907088
907596
907648
907678
908118
908433
909613
909908
909942
910226
910398
910488
910529
910533
910593
910742
911063
911680
911920
912080
912144
912156
912189
912248
912464
912525
912676
912994
913039
913170
913184
913214
913248
913264
913713
913782
913889
914062
914102
914131
914133
914223
914322
914328
914473
914660
914942
915051
915130
915218
915230
915524
915607
915909
915975
916060
916129
916297
916460
916565
916746
916962
917244
917311
917458
917617
917805
917920
918020
918201
918246
918292
918379
918443
918540
918589
918598
919548
919561
919602
920019
920170
920266
920345
920577
920899
920991
921198
921270
921590
922224
922256
922290
922601
922683
923225
923403
924068
924198
924528
924830
924980
925176
925222
925685
925747
925800
926540
926628
926859
927198
927341
927520
927711
927818
928227
928482
928517
928800
928936
928961
928993
929035
929418
929556
929576
930185
930672
930919
931021
931308
931345
931751
931919
932041
932115
932143
932438
932890
933013
933165
933186
933601
934488
934677
935156
935256
935553
935607
935994
936518
936521
936808
936819
936900
937007
937202
937522
937548
937554
937727
938201
938335
938674
939334
939375
939416
939444
939484
940329
940415
940812
940908
941008
941219
941810
942001
942058
942246
942831
943581
943985
944131
944258
944427
944543
944991
945210
945277
945379
945412
945720
945843
946080
946228
946326
946522
946603
946873
947048
947256
947392
947748
948128
948311
948515
948625
948690
948922
948925
949403
949433
949441
949535
949548
949636
949677
949763
950078
950337
950675
950690
950790
950815
951121
951419
951469
951709
951861
951918
952147
952223
952254
952386
952494
952562
952566
952987
953217
953664
954253
954322
954777
955074
955138
955373
955382
956076
956114
956248
956339
956696
956768
957180
957348
957363
957478
957958
958314
958495
958529
958714
958988
959247
959626
959635
960076
960250
960292
960385
960622
960630
960661
960765
960932
961256
961518
961620
961624
961787
962068
962157
962265
962354
962611
962752
963137
963635
963688
963701
963963
963995
964170
964380
964444
964605
964609
964841
965036
965239
965256
965351
965417
966110
966481
966755
967514
967587
968264
968534
969060
969074
969075
969211
969445
969717
969887
969914
970319
970491
971057
971330
971333
971498
971808
971950
972113
972186
972190
972451
973172
973192
973256
973264
973525
974111
974288
974420
974465
974488
974553
974627
974799
975036
975065
975100
975440
975523
975663
975682
975896
976126
976349
976418
976812
976914
977052
977448
977895
977924
977931
978004
978035
978088
978229
978385
978898
978922
978953
979037
979164
979273
979339
979435
979656
980062
980167
980632
980657
980670
980711
980791
980807
980822
980823
981023
981358
981500
981547
981692
981980
982386
982541
982791
983002
983180
983758
984161
984459
985224
985444
985518
985753
985766
985885
985920
986178
986698
986775
986837
986867
987628
987647
987809
987821
987923
988126
988311
988317
988428
988614
988628
988906
989291
989798
989866
990607
991139
991846
992098
992100
993333
994035
994073
994439
994542
994558
994679
995073
995244
995477
995539
995696
995744
995764
996354
996460
996765
996923
997227
997976
998087
998395
998586
998632
998742
999015
999090
999786
999818
999831
