998
998
997
997
994
993
992
991
987
987
985
985
978
978
977
977
976
975
972
970
970
969
965
964
962
961
960
953
953
952
949
949
946
946
944
943
943
937
937
936
932
932
931
929
928
927
927
927
924
923
922
919
919
918
918
917
915
914
911
910
909
908
907
905
904
903
899
896
895
891
887
886
885
885
883
882
878
876
872
872
870
868
868
867
865
860
859
857
857
853
851
847
846
843
843
842
835
835
833
830
830
830
830
829
829
829
827
827
826
825
814
808
806
806
805
805
804
800
800
799
796
793
792
792
791
790
789
787
787
786
784
783
783
781
781
778
778
771
770
768
767
761
761
759
753
750
749
749
748
745
744
736
736
733
731
731
731
731
730
726
725
724
722
721
719
716
715
714
707
707
705
704
704
702
701
701
698
698
697
689
688
687
685
681
681
680
671
666
665
659
658
657
656
654
650
645
641
639
639
636
635
634
629
627
627
622
622
618
614
608
607
604
603
596
596
595
593
589
581
580
579
578
577
576
575
571
571
567
566
563
562
560
557
556
556
555
553
547
546
541
540
534
534
534
530
529
524
524
523
520
517
517
516
515
514
512
506
506
505
501
496
496
495
495
494
492
487
486
476
476
471
470
467
467
466
464
462
461
461
460
457
456
455
453
449
449
445
443
441
437
436
429
428
424
421
419
419
417
414
413
410
409
408
408
407
407
407
405
404
402
401
400
396
395
391
390
388
386
383
383
383
382
381
377
376
371
370
365
364
362
362
360
359
353
350
347
345
340
340
340
339
338
338
334
330
330
329
327
323
323
314
313
310
310
306
303
294
287
282
278
277
276
269
269
267
259
253
252
251
250
246
246
246
245
243
241
240
238
237
234
232
230
228
226
224
224
224
222
220
220
217
217
216
215
213
212
201
200
200
199
194
193
193
190
190
189
188
187
183
183
183
183
181
174
173
172
170
169
168
168
166
165
165
164
164
163
156
155
155
153
152
151
150
150
149
148
148
146
142
141
140
139
137
137
137
136
134
133
130
129
129
125
124
120
115
113
112
107
101
99
98
97
94
94
92
91
88
81
79
78
77
68
65
60
60
59
59
58
55
53
53
49
48
47
47
46
41
37
36
35
33
29
24
19
18
14
14
12
12
6
5
2
1
-2
-2
-2
-3
-15
-18
-19
-19
-21
-26
-26
-30
-30
-33
-42
-43
-44
-44
-45
-45
-46
-46
-48
-50
-57
-59
-61
-65
-67
-67
-72
-75
-75
-77
-79
-81
-81
-85
-87
-89
-93
-94
-96
-98
-99
-102
-102
-102
-103
-103
-103
-103
-104
-108
-109
-110
-118
-118
-120
-124
-128
-129
-133
-136
-137
-137
-138
-143
-143
-144
-144
-146
-152
-153
-159
-161
-162
-163
-165
-168
-173
-173
-174
-175
-176
-180
-183
-184
-187
-188
-190
-196
-197
-200
-203
-206
-208
-208
-209
-213
-214
-216
-216
-216
-218
-218
-226
-228
-236
-237
-238
-238
-238
-239
-239
-239
-247
-248
-257
-259
-262
-266
-267
-268
-269
-270
-271
-275
-276
-276
-279
-279
-280
-284
-284
-286
-286
-288
-298
-300
-300
-303
-304
-304
-309
-310
-310
-314
-314
-314
-315
-315
-317
-319
-319
-320
-324
-325
-326
-329
-333
-334
-340
-344
-344
-347
-350
-351
-351
-353
-354
-354
-354
-357
-358
-359
-359
-359
-361
-361
-364
-365
-365
-369
-370
-370
-371
-381
-382
-383
-385
-385
-389
-389
-393
-393
-396
-396
-400
-401
-402
-405
-409
-414
-423
-423
-424
-427
-427
-427
-428
-428
-429
-431
-432
-437
-437
-438
-439
-440
-442
-443
-446
-446
-447
-447
-449
-458
-458
-458
-459
-461
-466
-467
-476
-478
-479
-480
-480
-484
-486
-486
-489
-490
-492
-494
-495
-497
-500
-501
-502
-502
-505
-505
-506
-511
-512
-517
-517
-522
-525
-525
-526
-526
-526
-526
-526
-528
-532
-534
-535
-535
-536
-538
-538
-538
-539
-542
-542
-542
-544
-547
-548
-549
-555
-558
-559
-560
-563
-567
-567
-567
-567
-569
-569
-572
-576
-577
-579
-580
-581
-584
-585
-586
-586
-593
-596
-601
-603
-610
-610
-612
-617
-618
-618
-621
-625
-625
-626
-634
-638
-646
-647
-653
-655
-659
-661
-665
-665
-666
-670
-671
-672
-675
-676
-678
-680
-681
-698
-701
-702
-703
-705
-707
-710
-714
-716
-719
-722
-723
-727
-727
-728
-729
-729
-734
-739
-740
-741
-743
-745
-746
-748
-749
-751
-755
-761
-762
-762
-765
-767
-768
-768
-768
-770
-775
-776
-776
-778
-778
-779
-781
-784
-786
-787
-787
-788
-790
-790
-794
-794
-798
-802
-803
-805
-806
-806
-806
-806
-807
-809
-810
-811
-811
-811
-811
-815
-816
-817
-818
-818
-819
-821
-821
-821
-828
-830
-831
-831
-832
-834
-837
-841
-843
-844
-845
-847
-847
-848
-848
-849
-850
-852
-854
-857
-865
-868
-870
-872
-872
-876
-877
-881
-882
-883
-884
-891
-891
-892
-894
-897
-898
-899
-900
-901
-901
-904
-906
-906
-912
-912
-913
-914
-918
-919
-926
-928
-929
-929
-931
-931
-933
-933
-935
-937
-940
-945
-946
-952
-953
-955
-956
-960
-961
-962
-963
-967
-977
-978
-980
-980
-983
-993
-995
-995
-996
-997
