999849
996817
995413
991711
991214
991209
991051
989614
988531
987660
980597
980455
979552
978293
976520
976467
974769
971359
971329
968668
959552
958418
956977
955846
954207
950798
949601
948326
947472
946369
944216
942781
941079
940833
940603
939071
935589
932755
929695
929525
923339
923211
921401
920092
919356
916120
912392
911472
911055
910962
910871
909445
908857
907347
906096
904650
902453
897971
890677
890434
887506
883357
882833
881212
880222
880007
876947
874913
874256
872377
871571
869496
868175
867704
866896
865882
864320
862320
862183
861449
860520
859562
857812
857055
855038
854861
853923
852077
852072
849851
848970
848406
846356
844317
842342
837256
835453
834802
832781
831255
829867
828821
827415
827168
826883
825625
825000
824797
824749
823937
818588
815180
812962
811688
808946
803904
802045
801453
798691
798659
795886
795492
792198
790674
786512
784393
778597
777592
774321
773851
771823
770480
769573
766873
762367
758830
758805
758040
755494
755284
754886
754830
752677
751482
751181
750756
750434
745273
738054
738021
737647
737532
737486
736999
732276
731594
731522
731261
730769
727639
727421
724419
723990
723450
723446
722802
721898
720259
716002
715871
714982
714872
714416
714043
711883
711031
707008
703587
702791
696085
694880
693813
693773
693668
688450
687809
685184
682452
681232
681163
679961
679621
678903
674725
668185
667958
666118
665411
662406
660926
660762
660234
659315
657302
656608
649136
647575
647213
640063
637390
637331
633727
627271
623472
622071
611065
610670
608509
605910
604519
603425
602939
600861
597172
596496
589550
587819
587516
583032
582060
580312
579410
578559
578313
576133
576011
575983
575525
571266
566202
565720
564154
563566
557988
555899
553790
553556
549163
546157
543941
535893
535814
534422
533148
525407
522536
521533
519946
517802
515327
514924
511776
511390
507880
502064
501918
501465
501349
497026
496468
494634
493005
486930
486385
483981
483552
482400
481328
481280
481243
478949
475609
475315
474495
468795
465525
462776
461734
458565
455712
452945
450361
447409
445252
439941
435724
435513
434283
433914
432660
432237
431604
431523
429973
429827
427931
423655
423202
421952
417373
416859
414804
411117
410471
410274
410240
402740
401959
394910
393626
392382
388360
385752
384671
384086
382796
382071
381656
380846
379145
370647
364754
364415
361981
360406
359152
355028
354259
353983
352047
350954
349529
347187
345848
344086
340507
339483
335737
335412
332871
329151
327183
326985
326754
323507
321700
320650
320036
318474
318437
309921
309590
309039
305044
303127
303051
302614
299778
297148
297117
293214
292139
291649
282206
280994
278524
272340
270259
268581
266271
259355
257347
252820
250994
243942
243867
240961
239167
237594
234852
229293
225085
220212
219920
219544
218710
217860
217035
215619
213590
207831
204253
204119
203942
202250
193973
191418
189945
189072
188405
187812
186166
185412
184881
183912
183268
181687
180787
175114
173915
173874
173688
173285
173095
169450
167520
165015
164722
163507
160045
151061
149787
148922
146955
146287
142853
136705
135847
134476
129022
123310
122622
121726
121400
121026
120597
117157
112919
109690
108288
107930
107652
106323
105749
102385
100415
95909
95854
95153
94030
92357
85827
84469
82187
81329
77732
71340
70242
69343
66069
65726
59622
57486
57449
55946
45538
42829
42679
41209
39495
38345
37949
33976
31065
29738
26809
23940
16638
10011
7587
7325
5977
5594
3836
2711
2632
1370
-1260
-3162
-5142
-5193
-5398
-6195
-8501
-13166
-14235
-16671
-17327
-17573
-20161
-20561
-21695
-21848
-29785
-31472
-32315
-36826
-37003
-37689
-40756
-40759
-41123
-41436
-42948
-46092
-47337
-51821
-53086
-57531
-58046
-58665
-64496
-65218
-65306
-67231
-67736
-68120
-69549
-70580
-72992
-79078
-79303
-81883
-83671
-83753
-85909
-91843
-93648
-94405
-94527
-99612
-101674
-102239
-106586
-106667
-107279
-107814
-111032
-111562
-112457
-113819
-114367
-115431
-117588
-117923
-118960
-125257
-125504
-125659
-126892
-127439
-128978
-133201
-137234
-137862
-138017
-140342
-140767
-143193
-147957
-148525
-153506
-153926
-153952
-156937
-158039
-160903
-162595
-162887
-165375
-165644
-172454
-173948
-174589
-175096
-176016
-177522
-177550
-179425
-179972
-189638
-190036
-196354
-197837
-198742
-201301
-202453
-202982
-206213
-207991
-209193
-210675
-215228
-215412
-216118
-219383
-221076
-221714
-230015
-231612
-232262
-232974
-233067
-233623
-235331
-235908
-236518
-236533
-242158
-243555
-249550
-249852
-253960
-259200
-260420
-260630
-260825
-261000
-265168
-272359
-272579
-275367
-278672
-279047
-282499
-289543
-293106
-293253
-299086
-301324
-302835
-306428
-307607
-309731
-309953
-310447
-311632
-312849
-313291
-313913
-315534
-321039
-322457
-323216
-327452
-332456
-343456
-344236
-344967
-345306
-345937
-347012
-347041
-348979
-352083
-356049
-362266
-364197
-365621
-370652
-371019
-371161
-371291
-374030
-376305
-377366
-385808
-387673
-387700
-388749
-390925
-391821
-392409
-394698
-396218
-396254
-398544
-401141
-404892
-406528
-407702
-407786
-408988
-412249
-413096
-413404
-413412
-413838
-419081
-420676
-423402
-424721
-432888
-435483
-437431
-439590
-440267
-440748
-442169
-443243
-444298
-445502
-445669
-448769
-449445
-454191
-456154
-458576
-458798
-459530
-461839
-463914
-465327
-469013
-470166
-471972
-474131
-475713
-478798
-483585
-483824
-490195
-491634
-492287
-493787
-493918
-494555
-494599
-495682
-496175
-496660
-497408
-501853
-503785
-504305
-506026
-508405
-508892
-510909
-510963
-513580
-516107
-517392
-519395
-520441
-527445
-533598
-535622
-535762
-537047
-537467
-539994
-540354
-542387
-545947
-549424
-552778
-553282
-555484
-560642
-560878
-560985
-561985
-566112
-568282
-569883
-576237
-577017
-578208
-581288
-583811
-588483
-589916
-589972
-591715
-594426
-595080
-595282
-596931
-597147
-599433
-601308
-602989
-611355
-612607
-616202
-619163
-621413
-628944
-629934
-632170
-635043
-636568
-636607
-637889
-639083
-640969
-642429
-645750
-647106
-648851
-650350
-654580
-655928
-656283
-658891
-660799
-663110
-663473
-664051
-665199
-666833
-667667
-669871
-671937
-673135
-677400
-679909
-683339
-684590
-689353
-696452
-697237
-698187
-698666
-701115
-701291
-701312
-702590
-703974
-704261
-707761
-710135
-712093
-715576
-715767
-719497
-720804
-722155
-722763
-723085
-727801
-728527
-729562
-730957
-733363
-735978
-737610
-741685
-741954
-742795
-744767
-745710
-745981
-752064
-753649
-754677
-754872
-755059
-755368
-756292
-763074
-763321
-764922
-769913
-771761
-773914
-774638
-775197
-775543
-777343
-778439
-780830
-782360
-787440
-788354
-790661
-793433
-797012
-797022
-798422
-798719
-799688
-800295
-801066
-804829
-805845
-806543
-807302
-808989
-813821
-814482
-815737
-816618
-817228
-819837
-821209
-821465
-822997
-823095
-823778
-824893
-828576
-834352
-841924
-842418
-842445
-843451
-844718
-845394
-849653
-849961
-851294
-852889
-852913
-853112
-856556
-860246
-860424
-861897
-862454
-863308
-863431
-866645
-873484
-875687
-876064
-876117
-880650
-882081
-882654
-882701
-885964
-886500
-888369
-888578
-890230
-892699
-897467
-900787
-901422
-903230
-903377
-912480
-914351
-916417
-921049
-922407
-922608
-923764
-926765
-932720
-933955
-935131
-937603
-940701
-940850
-942515
-943489
-943894
-945783
-946566
-949172
-954009
-958298
-959099
-962164
-965291
-965972
-966154
-972004
-972287
-973898
-974772
-975050
-975905
-982494
-989379
-996908
-997338
