-717990
537662
34880
-972780
-963699
-801036
958811
609560
-315051
-786733
293579
944026
-759813
30903
579329
-699590
623429
-45327
182789
-248921
-951729
-466407
-297402
-153554
-747008
-935159
-448673
546192
-434287
702134
-252972
-648866
275065
628834
478733
922334
-988941
-89137
-810284
591522
-581263
858472
908072
916695
752960
866111
-394749
-22202
-364970
113339
-972342
-8486
-517438
-39488
809494
559801
-306767
-105495
-429954
-553612
-881961
-424913
583997
-872436
-291638
-873451
776577
228796
-903182
581797
108483
844419
-537948
-35420
900825
590198
888884
393104
258931
529498
-243859
-540914
634212
-404103
-432730
-132427
-498010
274669
290448
30359
-206475
265666
-839636
-933757
914585
258302
-969352
588069
-641956
-391815
880111
-864633
352400
-497550
-48888
-459429
308053
362494
-287434
-77632
-550083
205525
553076
423956
464489
-412967
969338
916665
335013
39304
-941554
-323154
-812258
-407560
-419519
-797359
265041
834424
-387028
924992
-318373
354969
-320484
358831
960396
336152
892780
-971512
-355924
557028
163103
-934595
-565037
-460027
132221
913374
-811263
736661
809309
444979
-702351
437340
981352
827924
-199035
53439
-308730
381352
237024
515964
640702
690463
757819
600556
886187
626578
151072
-188918
-760654
-835019
-290658
692711
32395
-878236
-825619
-958693
-235071
-395372
-516305
-146621
-686697
-831197
-622417
50597
-219688
-449900
-318738
566077
39523
-902364
693253
279033
888863
763001
-318947
-474756
934041
-357996
768170
717318
577485
-339431
-21579
457796
-527328
599447
-463950
-70266
-37229
478002
-564520
943613
-758054
616635
946577
234034
390337
-943255
430729
-40735
211856
684545
754977
436900
-632416
569217
136918
907650
-499130
547139
-99386
142866
553458
528331
845969
624510
703013
579191
238664
-550555
-632629
-531276
50843
607493
-706191
-315086
800844
964109
893643
326224
23918
-895465
-791716
434582
-948443
-505052
-709134
915557
-7560
459546
233117
374574
-782591
-632235
-753397
-318834
371808
-284339
-793652
-632031
-218698
821944
249710
826356
-899642
-633339
-393581
978166
-73767
501573
228056
-309492
701356
-287612
451114
744227
846456
-258467
927804
-693353
609995
-574467
479447
487523
689824
14454
439266
557885
-863082
897213
-889825
-177165
-765928
750928
-752547
-953211
-5294
904220
932582
647714
-765739
749231
592087
-775402
414605
73716
-442873
669524
-272660
-985922
-426749
175593
172247
-260347
-335609
-838719
-302707
-598874
-965675
-902404
568780
-722652
-164041
292496
-559118
-931055
-502322
814941
-819571
-523214
586432
-575968
-502739
479127
-603498
-748510
498866
376147
-683801
-989595
-832113
-479242
-577593
-563333
6828
868622
-434252
926729
459335
-912635
712224
-399996
757327
394916
-164270
-832038
40095
719027
143444
808280
-295356
29099
100667
-682234
-876786
-14840
670292
751762
124980
-129952
915435
-382345
906836
609794
335643
-372947
992453
-511738
939851
176486
776219
-543415
-571878
201384
620038
-757049
-871117
-795259
-329973
381672
-425900
-784849
-957413
-48187
254507
845297
-348449
-962069
188882
-769604
587873
-800731
-533130
-617701
-384894
-471099
-222901
368299
307160
-225676
-326880
-617491
33065
-635849
-527738
96073
366910
-330981
835737
24093
669436
766752
724785
28798
311685
-384188
483415
-774939
869058
-408244
-912972
507220
-548240
-825394
-189158
617515
-965489
-403959
-202358
943650
535249
406884
843302
272790
-814303
735494
-615991
496988
-910702
-476488
-371352
-557590
15990
328431
449748
989345
324123
120417
-723757
319664
-155124
-880234
756522
816886
-297585
-647463
-51238
-789651
-730111
-774178
863424
968315
571125
-540621
-289959
992156
-325846
-301806
256221
-214545
-13299
78591
609171
811486
702404
798462
682954
639673
478682
-587521
-52523
-949437
-908740
-459725
-358094
428592
700353
-480515
943026
822220
-656159
-920127
776109
-975538
-463363
175406
100159
-523047
-565459
506042
-243974
-155095
-46586
-477099
-152175
416672
630423
721317
19912
311398
940192
305824
544599
363238
-267539
-195682
925557
374333
5316
-726242
575926
936285
233829
-367953
-945678
137039
345256
580615
796710
309083
-875325
168275
442157
-155396
-277281
172986
178727
-486709
565541
768930
-375635
658977
-959215
-422906
-217505
-869738
-937813
-385980
-566989
320578
915022
836242
-784931
151395
-151805
-231031
-404836
738647
170011
61484
-945181
-277384
540529
499426
128108
851043
-524797
915531
173945
422659
703850
-713314
390590
658751
367787
757555
994666
13876
4743
139090
503181
-241068
348144
-49054
-303171
398032
814329
729217
504503
811706
-574678
-923732
594343
-718256
-833629
550365
-492269
787080
-464687
-718236
-889613
-196541
432240
-549599
983232
13734
3287
-99020
332163
-225532
601916
-46337
-132428
218808
-989989
386900
738249
-330156
140168
164828
385812
214807
900951
-333572
-353955
-87444
-295878
-921338
722216
-790274
727028
195215
440582
338316
547888
577242
635021
119520
624076
142527
349385
943819
889456
484782
490078
-970100
-429106
-377680
-350188
572993
-322873
-327688
-516944
-811
-743875
-985557
48501
131477
-866942
756169
-669914
-38479
151161
-245040
419237
-794222
671872
331967
815356
690830
853839
-29202
-678811
923049
351860
-747546
-105818
226901
-771882
-683113
576376
513080
581588
-237072
-550394
24150
261810
-798121
860897
-81043
145332
-322504
-607872
-770791
109859
-689915
-316080
-932478
-798613
-433363
-553627
-55273
-764447
-345521
708580
979557
-157943
-834591
-54489
-291392
-402538
811330
553901
-284976
85289
92720
979565
-755063
-610387
-883263
476943
983905
-599765
238213
274401
-971487
-826498
810039
-443362
-254891
124798
-190596
-800094
-856646
231506
-458126
-18472
-436288
-300481
-916417
269852
-925119
-779742
-482859
-274261
-697748
-561399
207582
-185473
366682
-915011
69425
-862196
536632
-37898
173617
-92754
335488
536010
48078
75329
629522
-998562
177266
370952
-590709
-184885
-651080
-156508
945552
-944079
633803
963252
-89525
-646327
-755613
1961
-205744
353669
-559548
570688
-375603
622725
871391
861406
-931740
260492
250443
-865424
595852
996238
-744540
-108887
-589475
-163924
-774302
738206
964946
-433741
-68301
-123689
-656517
-416604
-466558
697456
-798721
116996
459347
682913
212695
188729
-346362
808314
172251
116632
-593288
-42445
-792468
-176530
-641683
-793770
-387831
-427598
376239
737558
398173
-88217
-118474
479677
-108656
356004
-350894
-658067
91949
105837
-86413
128556
-559440
-189105
82761
-529996
684367
-510898
936661
-931188
776864
201405
-788195
351785
880065
23940
200585
-487362
-593659
-385593
-448179
626152
-50482
-188661
230920
625472
933623
582346
-941687
959857
936068
179743
833174
-890803
94777
93860
250899
215640
9462
751556
-15971
-703560
-786803
397661
254237
-932321
445061
238650
122423
537050
-745540
-49920
543827
-196068
24520
-536091
-397218
730996
-869350
-512593
327935
638788
-887045
-543555
-954738
302063
265952
-648057
191154
541329
-579669
-252503
-446393
-71290
-227614
-257411
443517
491906
99420
-791809
-629692
513591
270677
318107
-354778
-438097
-3617
602197
-722170
-710132
-102601
406017
-975047
804365
-384773
362155
-601566
27078
162262
896759
-981993
883619
715681
543113
-401183
-647318
-985242
986529
-129714
198347
517518
-595257
230393
566026
-103478
490910
110199
-566284
381392
-421780
-696077
-352126
-963848
-955494
351923
748638
-804986
686673
-970461
543506
198490
-518033
-882337
-223986
-936913
-223333
-538651
-356546
-786521
455867
128179
436477
-633641
461913
-543857
-501200
-859466
406010
756400
922204
324175
409639
445798
-672598
692123
24067
-300158
152491
675026
242545
100825
-54302
-347402
-96065
510484
-31693
-22166
935715
591126
-504647
246089
927966
-710198
907446
691878
992079
425903
120791
-93208
579429
-642081
526743
-423349
-965205
847397
316775
624601
-842733
-339116
-462682
551237
-122216
-18571
-72486
-72298
24683
230639
560820
-837068
-364347
322068
-109903
102803
958901
351484
-295132
345631
568586
-269991
439324
878715
336285
60485
260553
-469639
-956706
-157531
881036
33426
539586
-112589
-274156
-188132
85490
4241
-109658
-96353
-787109
-77780
-187768
-8767
681242
-693448
497389
121208
564324
738827
198127
873196
933096
163673
771796
504704
-436374
625571
249937
42523
-856569
-987472
-70910
-581143
-552330
-216088
574684
-882172
681913
-965356
874621
-36530
-873033
129397
-667268
866397
-526541
176905
220388
-7070
228004
-704328
-546968
911137
581303
231092
96142
-253193
775333
-826685
-17310
-760094
-587246
172812
-579326
85777
196662
-875527
439268
899916
130797
-575424
-304711
-920420
-47873
188105
-756493
544727
-656969
915206
-284530
184542
398496
195349
-485883
730454
-804286
-88515
-89298
167350
-291041
630903
697391
969959
-463640
-549009
61691
-774710
848842
-833471
948298
-904796
-631479
-545050
-743117
25863
711868
-855604
669645
866428
-546988
-93100
-797747
-687742
-129106
723882
-793205
514474
-487081
695833
514750
-444274
-338773
925577
826813
980712
-629328
-677322
10488
416454
-559046
-309880
384208
-588262
376937
-114271
-400747
-583081
310570
225572
858040
-749636
-9028
-892721
-160838
517263
-94636
83875
-931867
-79046
592750
-91551
-58841
-294331
-942236
-477111
117499
637557
-156105
-62797
364566
-655217
-250167
-315008
-44157
-614729
403847
-645861
876790
-256400
424862
417921
763988
845994
-999380
-978223
-223413
-728907
780696
416463
-190144
382911
358901
-918573
-510551
911624
-369765
41396
-940188
-918991
-573606
-498277
-18361
-920217
-674456
784354
627091
-662576
-528302
-169834
-523528
-63819
-121672
272114
-839610
93183
892530
-278702
193164
136833
641233
601482
-847441
-558833
-926957
-701062
-11362
782077
467312
-586559
475508
-644262
387492
217032
804957
389583
837018
-689178
739606
208463
207982
-292856
612667
-188189
473916
989015
-716427
-383067
-36848
707107
-177266
-898609
-268920
-126125
118204
-866497
-617298
-919875
-562367
-14366
774916
894776
-907754
729520
353511
335797
-132201
-349593
-797359
786696
-349793
-109316
598609
-457371
-166331
-398336
197750
-158542
-443136
-123962
346342
780782
578936
-798778
701762
191223
904558
-34680
-623257
497291
-392338
867624
-706384
197449
80886
-84103
-158898
-75633
560863
-887770
732752
-204570
449467
508389
40815
517651
-678804
-338812
-97185
378593
215554
-548375
45911
237641
-739448
120285
92421
-762152
972898
998425
785027
537834
926001
737088
-680096
164832
-337272
-678729
628332
-767861
-12116
-13348
392199
516664
124284
-705247
-848302
463161
797496
-900176
303247
-916280
373473
-968704
-848348
44325
-793252
322323
694292
-471187
-167384
179327
-928961
-344861
449681
-498668
653202
-458283
9949
278977
34623
-562712
830358
-652938
-645097
-332205
-618564
445513
562912
-505174
-10320
429430
-292497
323671
270906
911728
9471
-156690
755579
592870
915810
-711675
-744465
399178
-571862
78137
-422709
-172680
-330920
-555710
-405613
890455
-360212
-328477
-378775
-842477
981275
225079
-358147
-391024
-297063
-58124
456216
120373
477471
781867
-561113
924403
512486
-700583
898750
-127743
-975535
328677
551797
-342043
-390621
-397360
918630
-394859
158301
980558
-702436
-223435
75365
947224
307420
-131599
833554
889594
249292
317178
-561993
193048
687576
512581
-724560
756452
-380358
361281
-972671
-427878
300761
-385561
392112
-305125
-758413
-748469
-861653
-272747
217723
-909330
-542402
-86452
383964
750627
337998
605146
819493
-974219
-76409
-200051
175939
297576
804382
771583
-288918
-487753
-562298
-212457
863052
97572
-792827
-636963
-602016
-455058
-42649
-464110
394920
-851916
-57734
159421
-965788
-982504
330873
775434
-760773
716377
184877
-841044
-777429
-390121
-303633
558291
-903718
-693952
106877
289388
-859568
-576175
-659194
-68049
-612061
914907
651134
-874205
-747950
-218434
113433
196418
-785088
773972
78982
982748
818988
-919977
24252
-753390
-419768
-595062
-421166
816136
-564881
612337
815013
-288762
435963
546515
-324301
-186028
-426289
-829091
-995511
-175135
287713
-633306
-416479
-931506
-524031
765752
497754
36022
734818
601086
-323926
230232
370399
975981
-718644
-284672
-768937
-166894
-771571
206679
-470325
-366240
-204903
636172
-354993
905063
-51670
665044
-658676
-618292
-916443
662079
49153
453935
972707
239910
-181355
-984550
556851
-584326
-642805
26087
-279105
145720
-649716
-666978
6617
103131
-545427
-736891
465874
94350
-751998
491915
408759
-256463
-879425
581006
-464780
430336
437656
-105466
515233
-216650
-998213
450208
337262
-566879
-335607
-701185
811947
-633705
333842
239045
-278653
472934
514968
-545690
-816268
582903
-569532
-522513
-55907
-789111
793358
106914
-680010
-732193
866491
923799
-493349
663590
824925
-663426
-833737
260000
230973
793562
-238377
978207
-691729
-602054
-247586
-232438
-92142
-380190
-936025
-531489
975737
722166
547062
-96226
754049
-88331
20532
949280
-168658
-540324
336500
284328
-969208
-812450
-297138
-653638
-668479
871274
-605754
-455580
104635
826056
-281991
-236296
39767
938552
205341
-591059
617041
-29166
519665
-465183
92032
430235
-877016
350150
-120770
-149879
-58220
-326995
888643
-236672
-120842
513255
290827
-96968
-826012
-488966
112729
730141
-11995
320164
496381
-62717
-425562
721403
-303210
-35095
809639
576530
-714846
-983599
909108
-965003
367729
-876034
-221166
297374
-799963
730407
-409619
925106
-236859
-401579
-266255
-643840
780708
675839
-712477
-581246
-1066
-363243
321734
413937
952923
621546
837886
-938891
707908
91369
623840
978157
-799408
-55340
-605374
42412
-622284
-20907
-587132
-531726
335158
-308025
535823
-485216
-824154
13401
221035
-442304
-547460
640077
-405846
-217151
55476
-754284
-669738
800735
12736
-23162
-470703
972642
-795593
-415528
-741005
188182
-763723
13437
580691
-897482
-283152
-273270
720542
239867
166064
350664
-239002
4211
-764140
394307
-854165
402977
776269
-324347
-954901
30070
-208040
661980
364002
-316926
-858541
95578
374094
55387
-844767
255764
394032
230665
256599
-763990
42040
-844872
262524
-374035
418343
593868
-889805
812427
240626
-175463
-354072
604118
345714
-839076
563990
-429572
-956663
267560
699056
-230309
-868673
539573
-687675
-584115
305361
707900
744419
471265
177153
699562
-827240
-265507
223106
-191423
-670937
511415
-575402
-154303
-498968
-752099
-160596
-508358
-397942
-772426
-807145
-640342
-196900
45665
16200
-310784
-560684
398516
-284112
-199617
654492
447000
-62295
-920205
-942485
985798
-690819
-936135
971196
-510322
29277
261114
636728
372014
-903251
-662196
793104
-556787
705086
595783
-738629
915534
611854
-149485
-989938
728125
-348752
-269551
-143445
-781409
-229827
97639
-845674
-106379
374074
377921
-414498
639557
-140664
742315
660876
-556361
-600004
186085
-718033
14227
-388074
-163300
-466211
-813708
138210
-465989
635383
754567
908925
-328319
394088
-897983
-643578
989897
-893250
-241769
-572425
577511
136624
-407115
391660
354940
-223688
980002
-523138
614816
473668
792699
522427
-800103
153486
-321157
874902
360998
19962
-296755
946233
675678
-511856
204792
-164488
-425681
-984067
566079
382042
-458913
-41331
-591629
-660817
148791
583095
-69401
146432
84927
739620
-816492
-914998
-529616
-453660
-269453
942096
-757819
818038
-920107
-201791
313019
-655184
-920675
883839
-416023
251221
-686005
904906
-899526
-30951
-236397
-164018
665549
217675
586220
-410919
749126
324297
-859698
111740
-601533
-237700
-544496
-114044
-104064
849537
50432
-298179
-219609
-491143
606560
490445
-607574
-794701
307489
-215465
-526123
-668811
84979
985484
-780863
981521
929588
578176
-117602
-329178
-783535
-426474
595165
823958
136705
826937
-761251
861342
368022
581279
58315
253744
600289
139580
2474
-228983
554448
-573404
-386693
-44495
-855628
-448623
197285
497431
273909
-77039
-307635
-902543
978197
-726471
410842
-705244
-673049
-230358
406443
-48445
-582274
114213
410165
29315
64579
-56612
455300
-839429
-506580
-504056
587852
-189149
-797818
-200759
-334223
-50703
-879982
-802371
344059
-826301
50204
-663010
655902
-22061
-444028
-538480
-579845
711946
-205673
-910323
-160459
147539
747449
-415796
567538
-192857
-687019
987173
-909854
-172152
603091
60905
858604
-527662
767600
177807
751702
300207
-681074
269510
-772644
58360
-881239
-417953
354706
-971698
787480
-332379
115709
822244
693770
-321236
96636
-992011
-295111
941970
457267
755047
-272623
224958
694885
-665658
-896247
-429234
-222216
-3736
-210321
-733639
-98561
558024
393518
949136
-615230
158878
195183
186775
-730654
236805
-659537
-112795
661738
529530
268752
941988
-536608
665870
-514619
571328
-574625
99104
270096
-382892
-322429
642270
-961124
-231665
697380
154460
800062
-145980
72516
-885116
-937269
-15747
743130
-845337
965700
-321827
-590031
935234
744660
366929
526247
873301
360597
294604
278932
-271575
-377820
437772
-875582
431860
-777268
887470
765129
-746751
797746
-901592
-346221
-584523
825272
-695896
-144104
714079
-325546
-824156
-8449
-614983
618704
-458367
-71281
-667412
79481
-706153
-749825
588804
-907910
273284
-158541
370727
-980709
-350563
762625
415855
827219
961251
-181868
-983760
-565401
825627
644364
730027
744000
548002
466808
435618
64452
-361219
655563
373922
778969
505884
220446
562852
110410
940135
766504
-628460
-244164
-303630
-226001
651860
-604504
174611
858530
571031
68818
100814
-55322
-278285
-595796
-383937
-977025
-65844
768995
698820
394918
219847
-696555
-670813
-165244
646486
442557
483565
780668
-697265
-497224
518642
-521094
926561
-93096
-354034
514487
-608527
355699
-610248
847453
512845
847980
-306259
-826289
869807
769620
-914377
-756788
-575377
-985804
-259252
-664546
497216
721166
-947654
112298
-298195
-23932
-716998
-7935
885575
146579
852116
-292732
-817483
-860998
-140051
-109394
-470420
119773
-226592
-484258
-777836
-312811
431718
227927
906943
-116845
473105
540022
563068
402676
-906224
-763363
-815569
548919
160606
-141002
48423
745436
978090
626276
-320957
-772895
-371616
413139
358881
914953
-683135
904426
960595
728468
-757260
-626928
100816
-589380
463775
-810473
647974
288309
-291421
726861
207820
-498388
323053
-794734
-920238
594717
-806012
345264
208070
-131329
-593719
980478
433814
568745
928742
-178709
-719252
831953
-695821
-382541
-192080
-814764
-832815
-59745
-371990
706776
54061
1949
-213927
-604802
-387002
424042
388165
842327
173687
-171113
-412324
-352051
534863
-727823
730295
903408
390489
-82284
-933562
-974693
-486092
-333140
887519
-45204
164006
-805436
687736
-314840
768136
860993
8201
-509069
-319270
895582
35449
604506
813159
54043
-753306
-936889
-834139
476122
-294701
-210879
921877
-617514
459853
372749
-55324
-275955
653550
262624
-142567
-484654
209302
468876
-876079
740633
-47145
-83694
-693285
299967
-405709
102197
84504
781108
-98269
-150595
762094
-749929
-52946
-27555
-970742
-186068
236313
197546
921478
-797294
-306457
385626
-382188
-982587
165387
863443
-592978
77582
182874
878487
353429
-577765
723830
-123828
595851
-242508
-694021
-908725
-490851
-985797
290738
932213
976938
75713
922975
318216
890391
520303
-46156
-232639
-43735
-134915
659955
-309586
854228
-642932
4034
125608
956992
-309262
795961
-791738
-852765
-348619
-271228
472972
99293
611816
423977
-767842
-554590
-357894
-23798
-544525
-364359
-863796
-532790
235900
-363713
259765
701857
371914
529295
-617966
997156
-535040
-540539
-200233
944363
-964247
-815784
-135399
-40741
203905
-377195
-698386
92680
68126
-263513
29831
825361
372776
-780871
-348632
-534308
638628
-610295
879778
-391431
461971
-776553
-652686
-544126
856909
276634
333061
-849340
671510
259248
-74647
-399827
-798257
103839
912642
-621658
107041
417788
596930
-260432
22405
-189177
837309
193104
-702714
116150
-698268
570321
611196
628586
815105
992699
-618577
-506570
170990
-464563
-503772
-155052
871748
-987056
150228
253055
822301
725826
476973
249994
777724
531702
245708
683517
-767099
740589
-632821
680868
221346
64351
512455
290344
-668543
-566500
-878715
263953
-271125
-860134
-371741
703353
671361
466377
433127
419194
226316
-429043
985960
-335261
578677
-998968
45776
936131
-267683
639528
796233
552012
-469091
-737267
-398465
109828
373090
-416370
853896
130532
290245
-8039
746602
721133
-801128
239322
-490829
-503208
-270894
651793
-241320
-797701
967688
573885
220674
-618677
972952
-893991
-588918
-946268
-407802
153609
853711
-647712
-942898
59907
-316396
924275
-636355
554827
-815406
537705
-844981
703553
-765491
-744904
-853470
354715
-114660
715365
-325446
-322903
208714
-661656
184787
-369769
-66671
750028
-690231
-52173
-722887
-47294
276271
284170
128868
-692083
-140121
-606607
-823737
112170
117672
255229
937582
-894124
980109
848781
-243054
-265207
-429432
443084
-295671
328541
-457088
-846664
728180
-772619
-30773
942203
464448
497314
940017
-804222
-533775
800616
388719
-743857
912858
898875
263412
-344464
-779195
-857676
987031
823179
925617
466924
-177690
662739
-554484
875508
-83349
133092
760043
-492451
987709
689968
-342363
540501
879504
780244
-43960
764096
531348
-135124
462817
-728043
-639510
459613
-822610
-341926
-156139
15966
537679
-307913
217625
871633
-758816
423650
60075
125338
-24627
345129
-203341
-26074
-734131
-833286
494853
-974799
-349661
746540
-208812
976649
776372
85398
548418
-782989
638328
441496
-526586
-70083
-641488
877322
658756
539509
-632128
612425
370227
-865074
964303
-275517
381032
337565
-801814
-429387
-95827
-453507
-31427
597923
-405604
185081
607383
-433676
311465
338400
-340766
302894
604406
-95756
-531032
-154370
332229
88149
941957
425301
149157
-134547
-773639
-600728
855939
-131722
619961
-300780
-481813
-535858
-659894
-964181
-108562
177823
244566
667560
461317
739303
585469
869289
550942
-387464
151751
341784
930010
734493
-242741
-766551
341361
-417131
18146
250467
-231784
-185370
61246
772464
-258597
-198499
-492223
596997
31392
-606044
258370
-348269
467521
-968249
636576
841666
963310
98435
730703
441797
434920
-573693
-307362
-961342
921797
103900
321673
-113211
-589306
954796
-696049
931389
-590017
257675
-709030
-827245
104
645543
192215
-149869
322615
-927208
-609332
138146
-932784
-924696
984317
-328657
-709975
568606
-249000
648869
144587
996443
-976362
-787967
235308
632469
602264
-151336
935451
940943
824324
-521989
-397504
-677631
-327799
854132
582219
-335338
612501
-349626
229056
324633
-202772
-952518
-982736
508757
-133573
-3012
-759972
-91401
596082
473868
-842992
-747336
-394847
-799515
429895
725413
-595632
-297321
-478413
315138
-946883
691150
-19204
-32503
320857
670906
479819
54396
635290
625054
623164
-172661
702842
848272
-242078
-272288
266212
980049
-792310
-322587
88345
-610723
-383275
-838903
-617800
285023
-524118
-87150
124982
-607856
498267
-461310
743906
925999
205758
376555
703102
463104
520772
184585
115724
879467
-617482
-608358
914859
688050
269645
-791453
990996
117599
467174
847700
-470631
-588992
-604988
-696093
140457
517822
-730000
371184
289410
383331
844640
-18982
215368
65642
-808119
-765316
-897662
-555870
-423758
78995
-938202
634608
811424
420422
-200672
211338
-459072
-292754
-530547
-513744
-27261
-16276
692255
323172
170617
-385213
562078
-119602
-286041
-971477
-603564
-631496
989327
-41398
870669
478388
-980653
970745
404975
295257
-883613
-254115
-118554
225851
298625
-370982
196794
647309
-565401
-805845
-708550
554636
860068
791408
-51293
979452
-236475
574190
-454787
118839
373307
-489716
-426302
601198
270825
218192
-319463
-491163
-498564
-291781
-713034
149762
736336
749899
845050
191187
-359396
259298
-909034
463162
926449
781974
343856
68419
493195
-817526
-292539
-959068
-302074
-176403
-326244
672697
-808109
133749
-958626
911340
660936
-628549
-966850
-689825
-23211
-460474
958875
975017
241797
-282743
-902814
-167721
-827494
-89024
285750
200384
-58404
389743
520993
-858866
-576310
2206
787102
158831
1361
224107
-116951
-776126
70742
-319997
957097
-655945
-716049
823696
-98364
323173
-126682
994849
597370
-164969
-686601
127889
281712
-482450
-127427
-893202
664060
718763
238274
534500
402831
316303
-339604
-942162
-975300
-23221
937581
-929198
-540254
123658
-279944
46266
89806
655900
205054
-784174
-961760
394153
33672
268683
971444
513110
-819740
-233272
-643128
-452280
802467
267274
-786989
-990447
-120784
139276
-288961
262646
224092
-440732
160405
-775068
499973
-86097
357836
117123
787317
161172
29824
-303540
795801
-108000
-79734
-228291
981525
-261734
626348
-851619
652938
772232
573502
-265162
948569
-387818
8786
748318
419348
-450048
84458
21209
-382892
-435022
111444
201689
316214
-531556
-518454
-742849
246347
832359
-325314
-54862
-641660
-728727
284924
461436
752604
-474968
735968
560876
274685
464013
449785
700204
-586693
-326518
-568234
-982751
728622
897469
627207
-516958
-272718
-941210
-858921
-424891
-421540
-113461
915189
63872
657582
935701
204662
-997662
-716178
-943906
24484
350771
462920
845639
245362
-205812
-167293
-350057
923520
451739
-327440
-683707
272956
-282606
369917
-804716
420508
-828249
-255785
245652
-220417
576336
-63791
464756
720912
989771
-186111
-634793
-605676
-249511
-924405
644043
-408949
-314291
-327337
488547
-744551
826335
-308359
-888818
-106999
-984732
-438394
-173197
595181
240292
479008
-279312
996921
-95993
-684646
-657181
294493
-125670
423758
162706
-360498
72809
676658
467462
332746
299670
-864926
165683
-929233
648423
194417
617827
199109
-793901
922659
-466952
-214560
-76702
480110
278861
-880590
116938
333742
566487
-554120
-900246
189103
-882746
-518192
-707294
-427419
-316133
476624
829843
470403
-712140
-889281
138077
-693249
-774643
4829
-769072
-151890
-930049
-549526
-607417
49164
-98336
-715145
700618
-490994
-740687
592112
-394319
-114122
54358
-126995
-110173
-96099
505421
401509
484901
-966641
-979581
656189
-551323
-151054
-395083
555789
696398
185762
935459
878486
941531
-171940
710499
484289
-502014
381019
371030
-54596
377815
-131882
-817141
173712
166180
672226
-804392
182121
-241545
67168
216453
723775
531125
-289604
774861
196208
809400
50209
266073
-269006
-487122
482891
400018
930257
312905
-115686
-218207
-532700
-488281
676015
305477
458418
542215
-645643
623456
-203405
139074
519158
737542
-852093
-273750
671110
-773778
-39450
-267862
-381090
-176750
479281
248216
922866
74620
498767
929687
728872
264117
-986073
-1855
71156
602221
-85202
806189
-236108
-911172
-752491
964865
-52054
-329803
585999
125443
82173
-98037
139007
341287
-699508
-538764
981749
-542911
823664
744120
-852087
378697
783627
643347
911230
-11117
335336
262409
636950
805820
-352348
-231303
837373
48600
-803378
-634959
-119450
-878136
940439
77047
-253265
469286
468673
582867
-631101
377534
591440
195825
-256190
-961941
380196
58510
-90853
-605691
-477711
-205016
109339
129483
909165
-956716
-169157
-714634
-577596
-896256
-413779
720038
321051
-605443
456967
992782
491176
23866
874171
-37733
476078
-910405
407185
428452
382245
-98544
213788
717510
-264493
-292306
75706
699626
583122
594515
608180
700191
940102
-935193
730691
371294
399180
-449135
-907682
784459
-350884
479083
359665
528268
63631
938148
-696830
-174727
398764
-831967
895480
-758640
683276
79135
-64210
-115811
-970889
-692542
-698310
-784233
-225248
-573619
677767
-284643
-952457
-671702
-131559
776926
638100
76139
-762748
679270
-98255
-32498
-684407
162147
509868
-314222
613823
-912311
-451499
-694134
-689051
805128
989637
-816549
925070
-655104
749845
765863
774343
-766549
-663689
864322
-443180
418022
-489478
536531
-817896
400169
-761778
361052
719753
861496
-993675
823808
-991170
-336544
-25097
-433579
-819748
-108124
-964647
-352121
165444
-861753
72255
-723578
901329
641405
-74888
402666
-139856
337404
-661957
929617
-144744
-408232
-788612
-888723
-178571
-992114
-383041
-853318
456326
342269
517200
678130
-351552
301543
689867
-91223
65517
-929283
-127324
-546837
545833
248824
196517
67516
148892
730057
962508
-50209
19859
72318
334220
515834
-944223
-116426
561908
-358131
56290
-924150
-163762
388322
285798
389082
710981
592898
788013
696410
54115
-288362
-413801
302498
-642275
-386190
-663418
504497
777118
414548
-262989
523746
-124238
281051
-736913
424459
-679277
858775
-867363
-300757
-985963
-841233
-214084
-659888
-987079
259209
-225267
-572240
445088
-240098
305467
391997
409548
-90100
-812191
19097
-371950
-700418
714547
903099
-243706
-529377
-888666
852197
-731302
-601092
-971224
772405
-25991
-76555
-812161
-988325
684906
-929649
-91310
46047
-279614
312745
-484227
-155693
813566
772394
493534
-582581
-163494
-519463
-336763
254283
117681
478124
85392
-332792
148220
-796456
-216759
190943
-951891
482016
599745
88613
-463219
-656093
-388061
-804254
-872492
-703798
-997089
-592671
-995641
645881
661866
887179
-787858
113156
-312597
-854005
618139
218638
186689
-547395
-972443
-849284
-280685
33935
112267
982921
-116669
-634338
946525
-394979
311799
67343
-680345
-186719
995061
-193053
818200
832533
-353026
-780162
-983990
572691
-458145
238058
84795
470121
-743036
490947
549388
156805
-154137
-586501
-517131
619893
-36122
-598992
326113
215096
449100
190559
5570
-544201
-702277
-582182
628227
738192
304024
595753
412921
795241
-189880
599917
951343
-264305
-950835
574948
-979834
-136194
-251752
58759
-968937
-489894
-154312
135745
-91827
118935
589124
153675
-632634
868239
-882358
923106
197984
135302
971984
719061
-626532
-637257
728076
-336206
340727
469902
-121326
764421
277645
-483552
-847509
32441
-977571
482395
-412814
-521444
303267
381871
307871
-703832
-933617
-808900
699561
-903880
-935596
-941840
-663273
989911
-725866
-682424
-549958
203033
-139123
-973462
393592
329002
839898
-117102
-673303
-575753
433051
-461321
714693
-968880
-936286
-36644
666936
-176986
-371045
802008
-506299
-739002
469189
422835
-87957
-858182
194826
323955
467370
559355
537719
-221708
-308528
-864391
-886090
685295
-635169
-458468
784111
77629
-335202
-98953
-72758
651842
-670570
195918
-371559
-281295
807210
176548
637838
-192162
809913
-829372
809284
470983
-133747
-560138
-189050
2031
620108
-6000
572523
-423529
414887
325813
-993041
-696434
-623048
-806318
56995
349626
551489
-860300
-736840
-799387
176054
-956191
421493
234650
59662
993432
527664
-840465
427039
-276494
-606064
-206278
542223
-982208
-285662
974713
370841
-300898
-567317
686689
-913296
655862
273563
-565573
785431
-335208
484365
894224
172210
452998
936028
85204
612876
829487
-422552
278288
480905
-80871
-322932
-62582
434302
-11209
699290
590854
775698
977461
-843442
984168
-307331
54208
-995761
638556
-236151
309874
130822
-1716
544128
-184237
403478
256101
866696
840902
604301
764762
232609
-527106
957753
-942269
140873
735050
-574084
562504
948232
29660
-840933
-645862
-427074
137748
-266973
234449
-391481
-88943
-220499
363140
936708
972184
-203794
-982031
-899011
-172719
329616
-676991
-509380
362873
770672
427179
-33688
352187
850081
859412
54059
646361
-519854
625353
-197815
-295496
904764
-559336
-536104
904900
503100
976193
918882
-938447
678931
-427727
735558
25541
-162395
-830417
32056
932774
-412897
728473
856852
-836164
-592328
418501
738703
-139779
-766341
-743370
596879
-175606
-159561
45247
-992400
545146
-647860
831981
-824441
229702
601423
-653223
-332110
-775356
708212
-942675
316342
194749
-557812
-451795
433842
542396
215069
-839505
788308
669612
-20684
-17674
-654683
-844467
-782789
-773664
205792
-441179
-400065
-167935
11710
796505
-228252
818654
-992695
-444973
-1035
-490109
982516
-678020
774699
-121580
981558
58231
537433
78328
-779189
591611
278225
705402
703945
-369295
-36922
-138958
446852
-538203
136463
769250
-623824
-324060
376896
265022
453625
175792
949669
-931787
962643
615243
-780321
640892
585879
346975
-686183
819491
217275
320376
-961477
985447
948727
-894486
-225403
-153277
840305
680736
501092
354487
681410
785024
-624578
-911739
395343
63504
-354060
234819
555411
677855
970748
596944
-490225
-483742
527523
699484
505421
-461700
-648964
-723137
642969
-316939
67048
-84497
451292
-855
-114917
660872
166621
668026
107130
-600435
-24577
819253
-758943
823780
-21493
-864061
-257648
-390277
396026
-615384
541985
982683
694677
-388589
-637983
831615
-825340
749097
533858
-789381
-203414
281040
275126
50266
-831148
358033
-113801
866042
-971132
799820
524081
642264
-420894
-838776
357560
422795
5492
-351234
-263920
199502
-753331
-12019
-697586
-872460
-530013
911470
-952037
-951835
314874
489136
430456
375434
226720
296517
-406853
-330629
-733716
281435
669078
-308467
601060
747567
-288942
-695191
837521
-906877
408660
-429185
-515378
-888312
-799521
862303
274504
-443204
-383061
307660
400877
-138690
702567
-664295
-750625
-640014
878301
-52027
53612
570250
607685
137590
-680130
439712
-285217
-669648
100757
-778476
525760
-908719
-192512
-114956
-912005
534878
633864
318084
-710452
889261
808515
309598
985963
878112
-849865
-895170
-991916
-751811
260884
929828
-286673
824441
598309
831215
257342
547430
-256440
414365
-59138
413564
-237520
-37370
-189516
826898
-749884
952156
926352
-400296
271747
801933
929242
235487
683228
247026
-568348
-597499
782445
-998481
41434
-334251
920203
656120
647409
-57058
-229401
-136466
-273220
952969
-503916
192779
23351
298120
-309507
515518
-326305
330708
-713470
-204603
-509451
82316
325940
763653
987947
114942
-131635
-426231
674367
15604
251362
1249
-178998
-233126
968185
298168
-706531
-689968
-803536
-371743
-671273
544490
-437692
-969724
-972502
-430251
571352
-358897
-11291
613591
-636449
511206
544900
165888
-673513
-175664
-919515
806084
-488181
-116955
827755
-197537
-103473
-161118
-904342
-830407
18403
84971
-514107
-972798
728761
798109
555366
-571244
803004
-74439
579183
-94287
8824
-195555
602470
931594
-546460
-120723
527627
-826370
-840215
-832958
-726824
-811965
-344555
-249951
-337558
695196
-858344
-119662
-129973
559682
-613138
991787
539332
310102
-280577
780285
-908989
750800
33489
189522
676499
-878743
13291
588644
860063
57923
287473
809729
374266
-476785
-326958
-163719
30737
-755523
-953925
173062
-661426
-866841
144454
-357560
-38792
432681
-285462
258452
-788980
74793
828657
953755
115170
464159
-644932
-412437
-34325
-961828
-370108
-559329
752907
-678725
302058
-955954
-801919
-818589
-256596
-260511
924482
193876
-675424
-616692
-679870
193156
254086
703888
629166
-367666
20673
-742144
912022
-830385
-498043
716761
543513
432542
25475
-598366
-90386
819620
473636
-767963
548511
-617086
-114477
573071
-331149
766616
-913532
-820919
-618941
166215
-565119
-149642
6953
153348
-5481
398702
-486308
825305
235642
425192
404230
220428
-953154
784181
-299367
731056
214488
-715677
620043
12452
131844
759328
-638326
701118
-309048
759441
-936142
265243
-823795
-537160
-938747
-605411
257040
91554
419749
-416067
885381
197624
734070
387206
222412
636586
-605944
937225
-334759
769759
280900
728196
658163
646833
51045
-219474
-38811
-393433
-397708
-570117
-539785
137805
-694514
227134
710872
624490
452731
-908355
190074
-459407
430247
272311
-999209
-982406
-215051
-722421
-309510
-189177
965588
-898994
461503
-235355
-854799
-169096
-293101
-927109
-928809
460731
-17883
227040
515612
404194
-543902
480719
-228952
-793278
-366355
48329
277058
-964320
739329
-225386
-274192
-802098
32603
683888
140008
440848
10222
-21314
-326001
722004
-944865
-215425
113487
-305742
-816786
693875
82916
-970494
-223488
604577
-359112
863970
929529
-249878
-814359
-785546
-261623
818256
-577337
984500
668530
652456
-808035
191756
920406
-718347
96330
424449
-112563
152378
985633
-990621
694823
621567
887041
-181848
-212786
850379
390064
-643565
206256
-955530
-222946
-173144
-811700
-589324
623552
37421
286379
646798
-524225
-153118
608504
735462
-628491
237823
473133
339042
-513375
469467
-164624
-63728
-665592
-822578
-420264
292678
-646345
-918593
-1168
-784378
630310
-107411
913773
825272
47569
-198104
107426
-734137
412527
-680673
505647
-207115
156320
-204559
-385747
-375343
444030
-143960
-367034
262410
-226238
178776
610863
108229
-645764
-41295
-765756
-795432
-913805
-808956
-400106
963194
839453
-399072
-997116
355377
-835260
892750
-5180
487653
-751625
143465
719976
966514
256024
174596
-715404
-86699
-213743
-737544
435098
-339502
-778115
936033
182624
655210
-662549
-488432
888836
239887
846529
-379266
-260166
-300631
954765
164205
131759
329299
622330
-715276
381997
-835824
251030
564843
575023
594296
-651504
-473431
-210390
424391
-844535
155080
991686
538902
677483
764423
-579453
229342
921827
525401
-244195
289424
-277736
37584
-495366
291432
-128657
910917
161189
-608858
544202
-983430
980396
836419
-16488
-154490
-447735
722352
-323909
433069
-919081
-202775
728267
271538
-820222
428665
193065
280303
-979167
764149
-955696
-217502
-91885
838808
-568162
296560
179714
50035
-478587
842404
112609
417604
-673506
252772
757878
-422261
361178
943715
-951333
936845
-822560
895846
-479514
981521
-996968
667956
-220940
842933
-811427
603182
-474231
-578887
390829
-129357
182924
-545314
-607474
-778198
497487
-272518
-467169
-382482
-106238
-238630
851167
648208
-322523
239358
818799
24135
948956
-797148
247586
-930056
50471
337603
598238
-887846
-255039
-84309
-491287
-969724
600797
544094
849918
-845503
751855
-431830
809038
-93784
689899
359558
-791095
420841
657301
-757888
532864
507539
395014
26411
-593254
-915121
-330264
240323
204710
-165456
716351
-113746
-539568
-192886
-430694
-439362
-780319
707562
-677658
748079
942284
524670
-53695
-864578
605178
564443
-336072
300371
972105
-825785
-476602
17681
500830
756200
-136853
-967688
-210791
-568096
-717140
570140
351285
-796409
-465134
150233
-318004
351351
164697
-595591
774607
229126
37660
-929349
409942
-65786
-391956
786325
-43884
-464278
682963
-142075
-194587
-824362
-677391
-217064
111617
-932418
-300175
-606331
89421
-19668
743868
-77581
-299633
756103
-612278
-680826
-275795
-868035
-149592
-392298
629439
133362
-586697
-887156
-978442
-175333
235574
-86383
408594
55176
505436
-479591
691868
917026
-162756
-63699
601586
-241543
-175883
525331
-896384
-348202
184026
-42928
-540408
757754
-496234
-382612
-101117
-295361
-961902
972975
581342
-930037
-919777
-398830
-230997
-944164
507278
17833
974314
659185
951358
627172
-846007
-138650
-610308
-870972
-904441
-606422
-35016
-52984
-437814
-913292
-249294
-676850
335503
455988
467929
415321
-602156
8246
-438271
-317789
-527235
-961302
-189831
-272781
-914769
-793494
-810669
-734143
396509
462414
-524262
-419124
134967
412664
-347829
512135
-435134
-509949
-662236
368802
698583
183466
128037
730904
-138634
734874
-955508
-49960
334812
999747
91865
104554
-898784
24145
-60499
-587609
-819986
-160398
-60090
-876500
-497611
444941
-84068
-125633
119043
-603976
-41016
601459
322497
-505622
-276853
748883
-942687
482718
353873
853099
-173393
-361076
-822462
-569138
-854337
-645394
584548
771597
327668
421787
851490
331956
431290
450515
343946
780715
339864
-440471
223040
-997773
994788
405380
684694
-515254
-250838
-211575
-337631
679148
540062
-534708
-896595
-647098
94493
592776
-861942
299215
-655351
-91328
968754
799058
-480805
-360329
370322
297569
-142223
-855911
-360666
-877615
-423225
45234
609836
-904992
712918
32735
-714322
666626
243814
584824
754791
-160431
773108
251281
-616175
-159674
988633
722837
489676
505239
-879481
215583
-80424
102140
-477395
-815662
481940
-681904
151808
-892217
-177072
721055
474544
-968573
464096
915823
-117367
-384594
863195
30067
-330193
-582488
-101355
-468881
324501
-244518
342600
319870
-752739
786157
-882984
-389116
-963074
710203
101106
9873
-713905
313174
194161
419502
-3723
673760
-284016
-843545
521076
286859
-949985
857511
-826827
144753
447145
92181
407443
610289
997665
946612
185802
239748
647412
-323730
966971
393292
-444096
175359
845355
-231093
376347
350828
508895
-800703
-253486
886956
-226041
-377156
741446
801799
671123
-60187
-958416
-335542
-160706
346913
837804
-370588
227777
409930
337930
-975932
-572078
528347
-338306
43435
-454347
231916
-342421
154904
619581
968783
-657480
262188
751358
-408048
575977
526351
200575
-676771
-640416
655214
-417872
-353721
-977941
121519
-928615
-575960
263527
-562155
-591169
-930530
360296
578441
-784724
385339
277875
-242667
762255
337220
144419
127528
622158
175801
869925
690164
570050
825521
40607
-286332
764569
469830
892269
998985
68780
-766063
-649105
372693
-227487
-576232
-434874
-621801
895667
-798225
332473
638464
393228
-162210
461833
-454247
744802
-98266
829924
-17145
599112
241389
-597348
750433
-467187
628244
567122
-697990
-492063
-708276
-476888
-70241
787178
225069
549548
510966
-368985
-81957
-753724
958156
-61843
167456
-289170
-373505
186657
316804
23401
13021
-47624
-158817
-981291
-287494
-248638
602355
-377557
236474
984475
-403753
849025
582384
754408
135041
-624957
-542049
-767959
781634
-288609
702000
507756
850808
971253
753103
410532
298081
-896994
-994587
-734102
47186
-17317
299551
-18257
-401004
218195
-422372
321988
561413
918812
688378
634259
-60779
-251656
-254700
-41510
-198500
-936839
791845
38356
-964715
-967012
-129712
-516386
-580335
645791
-663436
-634474
122754
547030
762137
-753805
12238
208429
881234
254486
866241
-869129
928591
413509
451431
947980
-85715
919258
-290227
-533830
-433928
-123887
481817
-2223
513059
-180226
57223
649321
-790186
399217
148420
-729640
71853
-924945
-427515
544197
765199
-566097
-634866
304892
-568097
-704416
-819910
-409471
875321
219189
-699167
-410219
990005
-844157
-413597
-804892
334210
638625
228071
-945907
76678
677067
619276
389509
-131023
441467
-136687
443886
553166
-205444
672534
-916198
583574
215812
756753
996237
35022
-666684
-483704
-633873
-17869
661338
642790
-602045
87971
-817098
539881
889599
250760
25504
543727
-100587
-644384
34172
119765
-39581
454081
-783703
378050
-392356
92320
-259886
314101
-224014
-485270
98229
618509
319158
-442286
-307719
10278
326493
863604
-619901
665129
-770643
674885
-918953
-989623
294037
144866
-787792
469623
723128
-360994
-539699
-986395
903421
85606
-503233
720366
-725990
-13886
287099
-37925
833388
970114
-118773
464636
482098
-686037
-379990
-850909
-597772
-482869
832635
51280
-559941
-417017
-869508
95864
763667
790901
-412342
515744
-499779
755670
-25702
764910
-680228
492326
296151
-724654
92808
-155725
891063
178632
-541760
472127
-94340
556083
868425
725380
970211
-620251
549218
-46604
-685334
918341
57291
659549
889179
-812777
577607
477515
-816188
290044
-108755
-349007
737371
125340
-117152
-883417
-147507
155640
-7026
418534
-308223
781065
-981302
-101584
77802
-454743
-454446
-801565
-588740
865850
-39983
266800
-345686
297965
-281119
935685
228157
793855
-502237
330091
696352
-329334
-311701
-670974
-683905
150030
-203425
226780
493112
-544885
-256265
895483
-815230
504194
-529562
-48517
-861685
-979658
128567
-27271
-815267
476969
-298577
837145
662261
-28820
596185
599293
-417592
-129662
-358971
-571435
-163363
477560
210413
216970
48650
507529
350162
895122
347001
996319
3314
-38223
-305769
-849841
628927
-230764
-902649
-193533
5514
-964005
-744804
957722
-268925
345398
677385
313654
718823
907744
-793778
340036
-84336
-142937
312626
-8672
-460099
580212
-292731
-407579
-675287
-726079
603677
564238
-253190
211710
-532959
480818
-162951
-437310
623733
-599849
-116286
-442873
562549
-480399
128840
-235283
-716725
966264
977051
232435
207303
-657814
-82577
461218
975619
-656139
923494
-707434
-284203
81595
-670416
70983
66974
908595
-479161
-815822
-96911
693815
-308439
346253
-349302
292286
-525727
234565
-518625
667172
-38581
125643
-676117
130544
456782
535390
108797
809866
321821
936237
-58438
-435223
653926
-396512
167152
-123927
-890636
282108
-971639
-391083
959681
511762
997590
436821
-358676
779117
455949
790111
524251
656952
17001
201796
814541
41680
16388
499709
640823
-284569
657
599714
-702559
-732114
-339156
888758
269556
-897246
-124739
707190
-651014
-955624
-406099
710466
-454620
-946555
118831
264825
284192
845735
-430309
378278
-975496
998107
995387
-556304
635159
712158
-445844
-801391
875834
218599
-729494
718271
838601
788530
-673097
-207645
871091
-839604
-103712
552324
-108542
-65145
61772
69876
-519641
711758
618155
-742781
-375493
-221890
50808
325016
618898
-661543
-5241
-343499
869923
321273
-311779
508010
-185255
-463394
142693
-583235
355952
737170
208470
-976088
851373
61302
-780838
149372
-134781
-945989
332762
-916636
-938278
-896532
-520292
199564
18115
-371033
-802293
-334156
-405814
429773
398465
249919
-909394
-621924
856376
-171061
-166573
70248
366161
-13864
371181
-812144
-356852
186797
193783
593500
913153
-225134
509758
-226428
-782913
-451891
761445
97670
474030
-577299
205049
965991
663734
-869352
970011
270069
480689
750034
-54972
-10711
881450
-629786
180559
156575
59045
-843205
-906684
11681
-130617
997616
944081
675567
174890
11969
407490
-689440
245077
-656808
-131157
-140712
846751
357162
-177641
-832311
-439342
980691
-609989
51762
264248
-757375
-611996
29756
87661
-334860
-196708
49469
-793366
-346338
-775070
-850594
-359060
63934
-971827
555059
-127859
719092
739611
-656761
-514308
847328
-104404
962804
726681
881978
-5600
549313
-60512
-973193
476197
-398753
74000
516457
62389
381169
-430196
-975102
-741751
328289
-468907
-953677
400905
-208322
-442347
613742
-672293
975763
732390
-374373
-890499
783170
418574
118420
-943535
57375
239782
-766016
997618
493645
-640548
-762280
-545066
-781204
381871
-692189
-639824
230239
-810837
-43965
-291921
-832148
419198
-537961
129980
670940
248199
780991
-587442
354314
996024
-177752
375970
477065
952671
971956
-252215
676123
428779
502557
-916315
201589
-311216
582952
-550346
695197
596977
849918
385418
-655081
-563382
-284835
-528853
-710968
863282
-376667
256015
365399
-565346
87134
966027
389752
-432561
939134
-699958
531029
919298
429995
-496030
-466789
-773735
611235
523868
-14876
460220
943209
283877
614861
-789959
279197
352387
-789472
-553716
743602
26014
616274
758948
814510
-843272
729767
859839
598558
409857
989437
503378
-881678
-886777
371437
946390
565742
-823863
763515
-925007
751331
-350508
500183
-700256
-706171
-62827
801568
521119
163727
-35852
-62770
-650111
-881739
66083
-10816
649661
-798204
-728831
-425529
-860588
648450
-195457
-256045
-774905
-696828
-747814
340577
-638555
286347
93216
-943214
-917686
-167683
-966845
806960
130275
-210316
-535671
730734
799932
-640282
219969
122267
834151
-966590
423051
-796042
-162661
-487125
-699585
360775
121061
80946
844550
-81965
148906
834352
281067
482941
344379
-81520
-551318
808373
587113
242442
552649
-907911
-800638
837677
501127
-760500
429359
288448
49867
-158105
-874835
678963
-899732
-966271
-72770
-500873
-397279
989788
-127468
-290759
-361539
298457
-894004
496280
382639
363862
-887490
210012
381560
-982559
288204
387386
505691
-705658
-809306
-960659
552703
812008
184434
-512700
134128
888814
-732269
-116534
-189969
689341
451771
581574
-317561
-213948
-10673
-481538
402371
-144667
-399927
899424
607347
-490734
818681
497103
-586812
-324736
768911
677385
-624764
-998873
892138
-132527
26432
-284690
858113
-842507
-647835
-525736
-923780
-319662
-325930
621016
-615097
566138
122518
-347839
-10767
728083
-615
-335828
-739093
-227753
-961908
641019
182871
-651258
230348
396717
-296504
596047
795708
-616770
-203313
120393
-995773
-21519
-232816
-347529
788995
-39280
632793
-323597
-791451
-861945
869620
-242882
171602
559566
540499
-411298
368701
-446835
-234887
441549
-127994
-565642
-610435
423258
617548
51387
323754
-600417
-472137
-621988
913852
-594391
611378
-450152
514566
83597
-466627
252510
566897
-515390
244348
-197860
-629838
395581
-167456
427517
-378865
274729
-312897
294629
406451
-561071
-503585
960858
-346532
-797947
771038
-472167
-313755
-814742
-654188
989746
142722
923369
-947909
-613813
883053
953340
-121245
-569351
842024
-581072
-490107
-496665
-416444
337433
465302
293166
-780674
873321
-414280
-755693
-140921
-637489
949014
175323
530176
-828117
-816128
211279
470710
120137
429112
-835311
-10190
459259
586572
-287751
900297
305754
249023
408087
-988417
-705778
934949
324466
943131
274735
-227370
-879818
478269
-564157
-643106
-156707
730921
-41471
476628
-716735
-594560
735542
-520874
575087
172150
-250446
598714
-423210
96976
-308482
673960
-284612
-917563
-245034
-881400
170527
272250
885869
251291
237368
-387519
-968592
169646
-11307
-338198
296228
-615448
-744489
-620824
660595
-993244
-952965
-292007
677593
-938492
-650215
38129
572399
977683
-546976
-895534
265278
-919668
360775
-666073
-764462
-392286
748729
95654
633942
-105733
-985843
157989
656054
-904828
-867516
-707608
-939288
422335
-688998
-150017
-985977
357151
-887494
366363
115148
-347977
-928546
-574258
542976
-721848
-384165
-573494
-597634
-453908
339547
-473428
-321018
-247551
178334
-675789
-869786
-682853
-156479
-784891
-227513
425636
495567
-60982
-107187
798036
-503983
-890732
-696156
-920265
778250
-45242
563701
-227176
-675077
857988
865396
149199
-9219
455375
834833
-504884
685286
-353761
455777
362925
230818
959868
-522424
513415
-912075
-974796
714209
216467
-879777
-756409
-559705
-641486
427498
410736
377373
-228097
655947
-992584
-651652
-829646
666409
324133
989499
272026
-46162
-723410
969193
507444
263966
-973694
-175108
999237
-520120
890541
-29753
-47287
-506914
35276
336904
529260
-471813
-507000
-446133
248728
642245
344590
-248701
-442620
-644311
-855264
-216387
994555
-684372
653653
-822381
-951278
317866
-216593
571803
736358
859247
29995
854149
-778768
-876644
-883559
-119158
-276720
842679
964191
534731
112717
381559
-24957
976197
-96166
-120671
-170815
-644971
38607
546088
-480795
-510932
-951973
-157486
-724924
-359600
-138687
298193
455157
552928
732956
396971
-719972
855537
179780
782802
806479
-79415
87552
976536
-660022
793312
-469187
-205483
564505
723993
495273
617068
-67082
174380
589175
-151085
334080
-722909
-24648
-463436
365606
839588
-654346
703455
-865569
955842
312134
898719
-306437
-136038
-829197
259647
-790374
937764
-439198
-585903
-568131
-552913
478269
-308974
-906693
-361664
272988
-522653
194701
591459
108825
-273764
-871889
709432
533542
-510045
-255556
-136868
-332728
-240979
17175
441601
617017
941724
-778948
-302272
-75771
-957739
-172593
-553128
623527
-603183
641579
-805742
225001
988126
811529
-51906
212827
916011
-739685
-555705
611189
743099
-690500
713203
-242517
-487054
-786217
-99769
-358165
873314
-157675
249367
342060
-584234
-43652
-931477
605456
-695039
-805522
-212294
658214
277152
747627
-309341
-564370
-908463
746022
223321
414567
-699676
467612
65503
-537181
-760924
-638306
127241
-153398
-743281
-228478
604494
311604
-779877
324704
-763089
-769401
-900726
983054
-23040
-576168
-798203
-468395
-601496
-22043
-191697
-81716
952282
-427160
58703
908839
616576
-711714
-911613
6910
454355
-512229
50203
893779
-523113
67491
358054
-258381
-118545
407354
206726
537644
-143653
-518865
10791
-368393
-91367
202851
-542916
-746620
-630592
-518512
400723
656550
-668571
37164
645284
-90734
927946
-507346
-881867
-506040
911213
-791529
-120145
356951
-402310
176823
-166594
487964
848574
663665
929059
945760
-266785
-372059
982922
434057
-983982
709449
-179789
65537
-767842
-112358
946184
206318
462884
912656
-590134
-194810
757665
536770
965310
-118888
-136238
-428768
-484719
25412
-344397
631372
948095
-560513
705489
-351851
-894403
65139
-793143
-917958
754387
411975
557957
-27534
49656
-380246
539755
-921370
-814743
924011
240116
637524
821815
-143112
-122075
985258
-115662
294379
-27513
303905
-327977
163329
795010
-510627
-91339
367685
392420
-756138
506199
-900353
-843409
681105
-915573
-107165
937726
-300655
-882207
991327
-998728
-233968
-313748
-508970
709185
386289
-176707
-413786
910975
-165334
286816
900277
297898
-811490
-80223
-120515
-495094
826283
-716686
855638
268586
-820750
383584
713355
678799
-332575
881771
83652
-756594
821000
899896
66312
993565
739978
-638917
-78533
298842
-726553
-894021
-591755
-95505
143077
-233333
559274
4460
-666814
138715
832469
-646822
476620
360198
-856175
578024
-420794
-612547
974912
-15160
318364
-648170
-322351
466349
829455
-785891
-150976
-370276
815116
876766
778400
-791475
-332904
299617
542456
41071
452879
-483835
500431
-246228
-620679
717859
186352
566745
-949356
77398
859549
-432948
-369789
-109418
-766102
72274
-112686
-442942
689788
-576715
720553
20985
-70589
-858041
-404797
563837
-938884
147247
761970
-382332
-764515
-755371
784210
-861910
703849
995257
-321549
963209
415097
-449285
-826375
-254515
-553385
320543
239822
222364
587256
-362474
12163
646111
566360
-743564
-898805
-761021
815210
-856127
107369
449416
-529116
865361
-549401
524089
111783
-676979
813823
864202
418543
434583
-328543
596236
265471
905477
-642729
-56425
242393
668939
-658117
948959
192476
465357
-741183
556924
-18929
-817606
557030
-201869
906369
-149832
-203950
-858070
-684385
496358
191602
-619843
-188459
123248
-996884
-776509
-534416
24241
841998
959111
895384
-475033
-40898
705221
-909541
363928
170937
-926917
431958
-75388
-427609
-944633
-754993
-599286
-875505
782843
106067
824304
-283018
115774
255029
-421313
974432
482880
-125923
-945441
510266
471872
-309653
-677803
-4173
-224313
576578
-58307
-296936
-409968
-846188
453802
770562
591245
944052
28833
797450
677539
173975
-560459
-668386
45929
95758
428653
-183578
60861
-91249
-705915
-921673
-397194
-409088
-591456
369157
-818245
102497
344293
-144829
759430
680957
208666
-349166
-549489
-225725
294467
-953429
866354
-631654
-714809
-675770
-657686
-767684
-903056
72392
-832356
892827
-221574
-489915
-53646
-798886
185164
-616966
9755
412384
272523
-620293
594878
-259281
-798074
259767
81961
81376
993585
846645
-338860
94452
812029
-504401
930605
-432777
-686673
-40169
-12738
-690164
-301414
-364013
114858
201966
3599
213000
365354
-944890
-930627
159205
-118344
-26020
-106845
-876538
670649
850942
-524713
235203
-482679
-282516
957389
938109
245606
-551520
248578
-37770
298390
-639720
-422532
802182
57959
374546
-561751
-689590
-904664
-528080
809253
47842
-507126
-991625
-124556
-623486
41360
-808440
636158
-687937
173951
754563
-458824
93321
-650662
-425443
-761108
807100
-925135
310287
-438734
-696306
712201
-436702
152918
87908
485285
-174096
508210
-163293
880921
-766009
-278330
-878281
-167600
590883
-202753
-592809
-596854
523652
-315929
252804
650661
-948200
-594845
877147
-888070
-637807
-685270
-756352
112827
386807
-186362
768394
352971
161776
-296444
809547
-803647
-8033
275210
174617
635636
-171165
-371563
296446
-368657
769363
199254
285580
891808
426285
543699
-598707
-572772
-776408
-283629
-482379
-182478
-571349
-641302
808767
596355
548152
926531
-896253
-490966
123704
932560
351710
192452
516484
-128628
-301923
-363361
968124
205471
-267689
394883
263597
864027
478996
742699
669322
-377075
171268
-530106
100953
-833930
-525982
319986
503338
-349586
-646127
-410976
-306234
-238005
-143604
197464
550663
173326
128549
207483
786959
-789143
881155
-64549
571917
-11276
-239242
568968
-11058
510645
599184
-971852
-615745
753643
2981
-468583
-365281
798958
-67744
86202
-312384
769806
-56178
803419
-998944
705971
-173977
545939
914214
918169
7992
-442359
89040
301195
216948
204748
-919176
689886
11346
429440
237511
673078
-755406
-716633
-557643
338808
-152714
756949
-125288
-296319
-502909
43374
-209388
387578
-812377
835329
750798
-56247
-817143
809449
-527969
795446
74274
-194136
267305
187938
35471
228118
-345873
-616676
630568
519517
-847284
-442085
-734159
-443142
-476153
645475
-885031
-786261
387245
-329546
-418765
-284744
805063
876384
-999447
-619735
282933
155698
688186
127999
693689
222320
398569
-235710
-137184
758587
702320
-701542
471183
-907658
454552
599974
-333037
64538
158982
300772
-63367
233006
595017
-817759
251307
-38893
-802976
376128
588892
-401302
-974450
-52594
29908
881915
-933405
-437145
-528919
723689
731907
-178094
-534717
937220
167024
561180
864528
-612343
333778
597815
520667
886018
-993051
441781
754033
-513417
356733
-499043
-13016
-229342
-120516
245233
973146
188973
-269019
254435
-641185
-986967
-845024
-339717
-749863
571102
-20723
639678
791029
69784
878792
29615
-215327
-765104
734816
454855
3947
35575
17347
-611399
378608
207439
626041
-657931
338144
-612873
945980
362332
-806689
370006
-862908
620895
-30678
756997
-120994
687682
406085
-934785
-725129
444385
860407
7420
-66923
838971
752131
-831671
999750
-352041
-451775
-195632
-202643
327483
-273829
-203936
948317
884013
-312142
594776
432744
-100452
-658679
-677247
20012
273431
-130336
-339445
-188953
298701
906027
260000
-830586
-795564
-833740
-69516
-904860
544432
-20860
167808
-568498
379535
656492
107383
825252
-701600
854657
-462191
660887
244356
851726
-446312
-24216
-510982
123138
-522697
-276315
8274
-342256
224429
604502
-797186
-696080
879219
502618
522868
229982
-229845
-817111
756232
84155
111911
882207
-759846
-670698
639570
313818
-953570
-376830
215536
180780
-231491
-135138
347949
36285
678398
893451
169111
302486
-978489
492055
-406396
629899
-166726
-990622
929814
434091
298368
-661709
254217
-70640
306994
37410
-726108
-294268
-342379
52369
986641
-983583
-672078
-699248
404564
346821
-270323
408111
-263404
-973630
-849039
-292301
729753
-464215
204858
659538
-297041
277890
-646340
586584
968119
773021
502099
-678401
-664131
-310998
-752650
519527
101636
-23462
-196768
271639
459674
-241597
356615
-958276
-696886
-205373
-965320
-176259
-846396
652887
747101
140155
533592
936407
-370349
911267
-682743
630447
2288
-502703
355132
537513
464026
993720
-176600
-210585
599397
841021
-880193
-140512
317419
-895836
338458
956705
157144
-856178
-499142
-322343
26188
323721
-64567
-335805
453829
482608
38255
-622677
-279592
-373040
932558
-981304
786316
-253626
-486693
203588
867687
369723
321468
123669
853095
-96660
-573884
-440031
605705
899945
14119
895989
720363
-644199
959808
-491160
-353626
-16483
606008
848188
195132
-548157
726672
91592
187232
-726487
-195985
744509
634463
-739867
332949
-661383
790247
-858868
172872
-797709
380136
-605568
-545110
839246
858912
525011
-598424
289581
590441
-388449
890364
-78853
-674083
913936
-58050
-68833
708864
621937
-833612
-363287
272914
849580
-248630
-339019
-748926
281820
-747038
252269
-794078
89628
-679139
-124699
153850
-88270
391751
439930
-504344
891328
517062
-76254
469287
542852
-263474
133702
684374
642752
-666197
-333760
417957
-643413
883934
751410
-968735
-470690
-766071
-534112
-245865
531580
-126769
326152
-256515
-344312
-441548
142052
423773
19027
184752
-783470
-820762
-281124
440338
-343906
-154677
251855
659941
-938288
731064
995385
-591748
-401789
18663
-70763
213198
676940
-855153
788420
559939
-860992
812197
-268941
-388019
411518
-426220
-536465
-859307
-684374
-133036
228948
372959
-107529
483372
849881
-905459
400524
798325
-89633
-966788
825738
488702
-338888
450997
427610
52951
-567515
-255640
714719
524255
-316233
-123243
268489
586561
-607331
905939
-87073
63590
-356767
-164516
-496611
400421
431875
-744029
-558087
557127
465885
846644
-300242
-903892
310141
-19417
-936365
-204574
890020
-374040
-814435
748978
214092
387779
72847
-384565
464197
66737
571665
442849
-74415
-100600
-592739
-375330
415941
-372752
-907018
822176
-662746
137267
-296683
994427
-366317
27778
327547
-772640
217604
212313
898291
-40469
832751
-630143
338720
955095
964013
-827456
151272
-491839
-241964
923902
-528237
-987769
-301493
465016
981675
518497
394252
-838438
-705822
79932
-911415
-711829
18527
845561
177980
62830
472626
211971
-581184
-336743
-674501
-663779
993670
-80605
-279705
-753426
853645
-319415
-944467
-406459
502908
6135
-700186
534088
-548604
-285223
555248
-407781
-688730
-196829
200415
468351
287460
-198732
-348878
-537340
-187360
544290
688691
-754516
-115435
96935
821985
-769456
-995926
133373
913564
-616864
626271
-891950
678174
930621
-359482
286093
883228
736543
602782
-156847
-470601
95795
-969921
-514115
851789
-341991
-714704
-259600
-562329
-374161
557301
-665308
172235
-313895
-839414
-672678
187809
567041
25745
1029
-911299
-530391
24346
-701187
-473641
-655310
963990
-335461
-83443
-603164
-502992
628925
-687556
845776
-19105
-790228
-737727
-276429
749200
-494268
-360701
-15456
990217
350734
32338
381404
-564101
399345
13977
-980653
26637
121119
-646975
-485710
-435701
559016
682031
145900
-637487
755811
-371457
-537529
-486145
-394759
767010
919845
-592505
-52490
193545
825405
-745434
-378406
427801
667498
-329704
-310596
-524727
-405750
583058
50055
181762
-7740
868834
144278
561062
-405068
697582
587110
82713
-126927
139430
311252
-253705
-146315
392119
250605
-343865
161784
-574160
821713
-286413
298139
60765
287807
690278
658318
-577851
-889684
-881443
882214
-944387
-101211
-287712
834647
375907
657904
484747
-72239
87108
-597972
-372784
-709306
-886070
754359
-150244
908750
-231333
-992425
-328550
-726892
671623
892747
732509
216820
-340764
633685
-308631
-406260
938784
342874
247912
-162523
29586
-752146
763432
-140162
774387
752509
-264527
-438629
975417
-417018
-544097
669780
287410
-817805
-508655
968596
-183848
848847
804060
107122
615089
609184
561851
514048
128735
822197
-91975
-593370
996452
151795
221427
951591
136344
838540
-361762
-207903
319593
850802
-662801
-450547
-717583
646750
-963499
12799
-693614
-158054
304005
683019
804601
-527786
-990587
-561354
-280311
-725585
-563201
530410
-537785
-90487
745514
-466671
-204407
624114
-900839
702617
855807
-966564
-358152
779553
626254
-817699
-132960
79969
559377
844690
871756
-813954
120241
334536
-414046
-293082
-862934
-744065
-472345
-427082
972336
-398931
-827978
-537114
428094
-495409
-671756
974459
403797
-769369
398010
359190
316000
-493974
-976048
-655448
-704677
53613
248223
-482696
54155
960301
398837
-755365
453259
74360
-65212
-19490
-385070
-254589
-712313
-146033
-5875
-910271
835798
-269100
998537
679538
572111
474162
765936
561941
-964592
-174781
701539
-968418
298457
981933
-953489
-974344
152699
905982
-625662
613890
377623
-822272
-378263
224342
-73968
512621
-441758
-707716
-875282
-486602
-926954
-451564
688525
298291
348715
990311
-960985
635536
-165379
-240499
780920
-966490
739051
783568
182766
-187097
501097
611240
384621
-462981
708190
164820
-428023
-836727
916467
-323834
656713
-878924
742940
-269487
153516
916246
709228
-369473
-123647
-703096
29794
66464
432893
318472
-949225
-808892
539131
-857131
956209
-16735
601692
-656138
217786
-362372
815846
734149
633403
-896471
582927
-900576
311212
-687541
-978736
106436
803561
-60128
-320057
609078
480921
445953
-709067
248003
-844293
546786
-54598
-91540
899448
-364995
-132083
-748072
-212386
-273914
644893
178868
355254
-732767
-431562
-579272
987449
-869520
872169
991021
807774
-197013
569495
-630339
576230
209760
-431511
538322
-577319
512585
239609
-305190
-753678
-641302
-617748
555045
747544
-865557
738462
873404
-235342
-651522
-170195
-378976
474559
456726
-974991
296260
-582322
182931
-249895
-299418
776940
-686443
124245
-2533
-551306
524094
-327443
188371
996974
-189103
972540
-259110
-313168
154645
-412445
-461386
-985017
4983
-173899
-962828
-493563
167085
-493623
590151
663070
456573
-611795
577410
860337
-919589
788643
972491
522221
-887579
23431
-596765
-619850
-861370
-781343
-27552
935295
167271
-452260
-628993
508109
288087
981744
168710
96105
-893698
-580313
253171
764181
662669
-828200
482150
-300620
72141
292806
-285145
-731221
-821686
772486
699798
468578
-717658
-58976
223194
-995210
-241202
284739
361419
325891
-54039
526516
344091
669029
201198
598195
-12137
27623
868708
728417
-81394
566635
-370052
896454
819122
-719442
-255550
438959
8009
-749936
707987
-89974
-786251
-646125
-571707
-277322
987619
919712
-925953
522585
-196407
-220289
-633519
533723
-309411
462877
633936
-7126
5443
634900
900712
177395
-229251
119044
-68634
485110
-977263
-549997
504183
-349875
-424312
610843
675599
-683287
10197
-331601
-348069
983016
-734805
-18511
139662
-438533
-848150
653865
-999949
375525
-23295
-603871
-475498
931739
326773
960786
-666844
218740
-450639
-211996
778941
434656
-332260
-383261
730231
-754930
600527
-253383
-220910
511737
-824909
-810275
-163179
619586
64364
619966
442172
994364
42688
-62681
-198748
963513
96555
-610624
896761
412371
834504
96033
-163237
770495
563589
-253495
-433203
646508
398902
-375717
-53857
-750753
-863777
287467
965461
184256
492972
226826
-942975
-764320
-997325
-272220
395120
-422143
-773377
-736626
-896180
187096
322095
-225030
203126
202941
-908404
-368547
628997
151923
509099
7730
989995
-474471
-502879
-184226
-692190
332440
211390
-67552
812661
-724863
-60249
-48377
997308
879659
66635
-8602
690127
306092
952915
139650
380771
898755
28586
-951496
-818072
-241813
496783
-702561
142727
-688091
-798262
647549
274983
-878233
-169820
72969
463232
-583371
-177691
58011
832594
97228
244452
-79391
496818
14542
196359
-105856
338140
-970713
368481
300375
-406309
-511185
-631953
-785574
618300
-709933
-918328
721474
-311590
-578420
494845
606537
-471137
-837671
617791
60301
-723591
828799
-579512
-443878
148189
-881649
158516
-764073
662794
-398594
173546
-38969
116240
948079
964984
779712
146167
-899725
965174
441749
-809002
728326
27294
174119
-439807
-938970
-96863
-204198
961398
-665958
669215
-847756
786779
-306287
-928533
679859
357913
907818
-740982
190371
885912
-323092
644213
-537562
-92928
151427
384100
-800496
448502
116518
790213
788432
147858
654954
-593923
-556654
-614251
623158
903764
552118
406578
899339
215457
-717864
-754995
-917077
-20237
3879
900985
-74501
108765
-620550
902335
-275343
414011
741769
315221
915875
730644
603454
-889801
-235333
-489177
718787
421009
715499
72565
763315
93455
-627197
261337
-679602
917105
-677638
-605867
-250869
538725
-643027
-219250
-205302
646132
985504
686141
-66489
-952381
337288
-666580
991331
-991926
-89720
-326858
820722
-767549
-324922
637250
-407436
397042
-573398
-80428
-380309
276791
10064
52274
437991
267907
784883
-777028
-351807
933761
103436
306409
933270
-245403
381641
112937
-5268
-264430
307888
711620
76338
691140
619226
879969
393778
412240
-626522
168843
408558
-709567
-654242
612978
-44193
-857737
-148086
-554631
667336
57898
114880
-98453
-570886
-993440
-158090
-717240
-515111
-504419
-649197
796341
143008
-284645
9216
-239363
-94115
-120402
215939
-643443
-828291
752961
987579
502646
-944695
91182
505392
-523099
591367
-72946
-734426
-10647
761999
-739021
-773614
-998843
299096
711383
113197
654393
89873
639497
-870160
-647671
-990849
-672429
-82885
-802487
800902
684584
-53303
709815
-109855
-976205
646963
-271597
-166565
690140
-884908
496085
-655656
-586174
-875811
509506
224925
-917022
876973
-912035
-470415
914654
846877
-120665
500797
-908834
923855
-670955
14380
-356614
-964100
-880499
150657
-455046
-437553
-791088
924337
551965
-522737
746909
-681009
365944
43683
-459725
165872
254644
457535
257742
984149
-655431
322324
182372
74246
-671763
-662135
-322471
-158952
449074
-984565
600211
987840
-821135
-208770
-344120
425802
-971831
-451552
544862
311331
-906525
753024
786164
-315789
578437
-325355
261599
-646095
473279
62788
387973
-918971
-52300
-776612
806299
-972197
-400239
110618
772580
-288899
-583917
-578032
-245412
-926925
-319235
399243
281035
-499175
982290
320811
-98152
-581514
614488
312014
-284388
-870021
-912785
-157900
-370296
483947
610144
352459
-423694
322554
567029
586188
905917
126350
511508
-169186
-693234
-505966
-325544
416614
-971798
408488
-764829
827883
586165
473027
203618
521867
-162931
658102
-79416
33606
739676
-817967
-609469
-113766
667208
897923
-98172
327526
965587
-383704
549246
-956111
717707
97910
145606
941083
-883041
807093
-968009
532696
-412145
762300
938732
-989314
285140
-67060
300864
-403886
176717
378942
-644400
6158
476238
-393781
-767393
742043
-188503
643933
592522
443233
-923995
182195
-941865
-746812
-116098
927219
405457
155735
626796
-270660
949199
-490137
-873063
207085
723856
-656305
432714
514232
401941
435809
440989
-31535
-806325
236623
136643
-856893
-492162
552405
148459
39326
-217417
-591379
-44266
-357776
-448727
884459
-229038
838859
288763
105717
560043
-498539
806508
580211
467066
492236
553284
348430
-892309
988819
-283061
719198
-576298
-597922
-835229
-158534
105298
-291800
-495243
775291
-654615
-914726
200458
391564
164054
221063
88576
-933244
-362027
-393494
659214
156540
40112
-626889
-476955
-388101
-697098
-577788
28506
426424
999138
859466
229698
-865632
44169
598442
-421319
775467
511883
295906
-341242
-526633
-36402
661888
351098
980612
-341346
-57639
-994582
-998518
171572
90688
690988
-893988
-690387
107672
-742057
-885912
-96036
-619741
-966406
295644
163800
-443662
166162
-673601
-156604
580921
390068
-313853
661322
-22770
379189
23965
-361408
-585817
954021
-870737
502357
640449
973255
280839
-394717
800036
-153243
-854753
390586
569342
-740641
-29678
934773
-668081
304840
149170
58399
835224
122225
-891213
501686
-433090
723605
469311
-652226
57495
371208
938288
-573307
638757
-750066
184821
507688
-620133
-404489
442258
-580431
683712
29837
11877
-952032
-95466
595789
-99331
656697
651221
299604
-793666
916216
543344
125032
-199226
-99199
-413119
25998
-546299
-904579
699276
-3849
-931355
752517
163493
-725182
466568
242818
248088
529335
395345
-500858
-206511
780403
71614
735773
744446
-949089
810526
383585
531019
920622
613039
672919
-819738
-705864
158270
996647
-737315
-400935
962075
444324
306292
670502
-797857
179712
946163
-896766
-94006
889700
-265641
-462999
219781
-478423
-337085
-413299
477546
602780
-411891
958367
358389
654481
-441940
689093
446957
-693431
497650
625351
-434656
-509094
495336
-93579
-267749
105430
538257
-558153
496379
-142938
953725
425377
362432
935862
820658
70817
-899837
904944
-877615
-272965
388511
-73378
527176
-371858
-231450
-821358
-255432
-966172
230004
811386
796476
465329
585506
-161848
151069
-441280
836557
-618212
-907696
284867
477456
-289977
892442
455273
-445081
249172
237751
939227
99167
741165
-481110
-704148
-964505
404056
610377
467373
3115
426171
189985
-304695
941205
-164744
-263751
-835788
-134728
730649
188153
942957
915232
-140620
-587976
316614
82915
-26069
811777
-261414
583415
871241
662415
-801336
-461474
-661847
-977974
685729
-906619
69067
-137477
422216
-945502
-936607
987656
-579181
779532
-183869
136852
-369918
-804914
-198684
-968999
504524
-474209
-980433
-29463
-474656
-420350
-159806
567816
-573314
-867890
863099
132164
555227
-488233
457898
246745
-801592
-834111
556364
102198
662875
563779
197014
536402
-906908
621920
602359
-382022
-259503
944163
154032
326484
582404
656376
324074
-782926
-699645
749458
-719164
291539
-508786
-4450
-901793
629598
170495
42439
-713009
-806905
-409134
862157
-385024
158801
598204
-593748
665827
-343587
-748114
15979
-813180
-619516
24990
896983
642135
-876933
969584
-741585
545761
678939
33337
470326
906531
739047
-39280
-964349
-963132
490255
-858050
-990378
-793845
-547910
117496
-682208
-40207
661871
172797
-259387
417430
49193
-573059
159435
303728
-507868
-931616
375007
-196677
-462892
-213237
769968
226453
228602
-419605
-631375
-714833
-483951
-142624
22425
-387553
30703
165462
643695
942006
-976971
-188098
-816385
-222851
122586
-893145
-287694
-842878
-555749
37109
308560
669993
-590617
563500
994263
715206
514521
764831
441023
-525637
-867457
-48467
156582
447813
-399166
-990516
534058
811486
864120
-3354
328817
-53514
-440706
619800
-777742
-325267
456617
-27460
-357835
159540
-522581
-806779
-701943
-95853
594487
-966661
664320
-12393
-559447
-585064
-788173
-361479
779269
889217
640634
266368
920595
569000
-130379
-271123
-946424
39537
816373
993326
-144696
-71690
-586672
766208
-137451
-897525
-984671
622961
111773
-681448
-954817
159386
408360
-387449
-669817
-849871
451237
577204
-289463
470141
210205
-37192
595987
849768
893081
-805877
-170547
676703
-152682
187698
-58284
533410
-313970
358632
65177
350032
-517625
-484365
286815
993497
884564
-681900
449699
-37116
486567
252926
-285782
948014
87227
-994827
611071
367120
-263123
863830
447359
666530
191372
-158330
920379
438944
-27698
-46216
-98500
908260
808854
-647413
-847102
-606760
-455663
485962
-715026
629514
-705166
792123
-903004
-121779
568983
486770
-125536
975121
-519473
904627
381952
-534192
243485
-738150
-617908
-925507
993025
861073
203650
-263121
-93468
357562
651139
183979
117429
827598
-852660
-861235
227964
-142250
21838
-849682
298924
-334045
-367607
-238916
-268548
-335883
-353923
607241
194541
-428079
-764745
-393848
157248
-504454
581733
-724560
-985798
601920
597194
344640
-663868
-56053
416080
-114437
933179
668402
-251490
-749385
-347151
240583
876451
36001
146417
-878528
-503690
-2170
-436415
672298
-180918
-206154
-999645
-179654
-407966
-527314
244750
896468
304302
-359658
-278531
709394
626673
510443
441692
-622139
8963
73165
-21020
-274597
-44785
-859893
722382
-147796
-688458
86568
-82335
6318
-721039
132165
371959
541682
-41496
167422
-558997
-50512
-894944
244237
485936
178333
-238534
-608147
-65305
662036
-877452
-72891
112837
-708493
698728
312672
-152691
70025
-400376
-80638
284009
-139664
346172
-782790
-77478
707183
-368670
-383235
628145
321964
16189
949528
986573
308239
961097
929981
-889228
259078
721248
-664765
731432
-410359
-238520
423639
73625
846218
368665
-364192
-94807
-289111
702527
-171811
-313465
-500531
-137383
-873661
-263753
73619
-321275
271133
-536315
-904754
517174
-901957
1296
-118848
-373861
884161
-831443
424203
983778
597370
922263
247401
-50248
-790581
149140
310588
-101567
-348186
-870614
-533522
321945
-750420
395518
-776915
-661700
-54984
-976840
901841
-529368
-337823
-228678
-315531
789834
-252361
-234761
493932
-527186
913850
-480412
-52054
-58738
-758550
-633933
-125655
928204
-975989
746953
-426134
-905487
-987241
-315304
-977622
-220119
721138
-763155
-789064
-116407
405940
-460030
-595966
-892679
983754
153892
-598981
-250627
53968
946658
-672209
-338077
-490996
-939246
-795860
-832096
36427
315525
770637
-523088
-185136
-472039
77186
-938706
-118191
206674
210169
-562021
115950
-744197
-957859
-746588
-685328
-265606
-333325
555458
483547
139414
875183
360283
649489
627754
-916294
-986092
-195270
-162823
971330
974473
597287
-327950
-87278
-81309
397479
670512
855910
691105
-205875
332317
942543
184679
-113824
-899434
-448794
-800483
628236
-432122
-297455
-779271
412227
-221953
-553318
-428268
-217241
-996821
174233
-572695
-785150
780424
-668363
726273
-319244
-83729
357293
-210988
406076
-723968
