393
595
-996
-336
-387
681
103
688
-234
534
613
-77
-193
-798
-147
-707
-369
-411
-608
432
212
-859
-440
-400
-27
885
-54
-913
301
-993
23
-514
-95
-665
-560
229
373
441
-492
974
-511
632
-133
369
438
61
206
841
-467
838
-862
695
18
722
-505
-387
951
-152
-535
-38
-792
67
79
546
-102
-51
-979
588
744
206
-104
100
-822
-11
558
683
-641
114
130
907
691
-19
756
-569
-69
-956
-540
916
-937
719
340
-733
941
625
-475
532
218
378
33
-542
883
171
-847
752
-225
11
879
68
-681
-647
70
903
-436
-894
-477
890
-415
58
-612
-788
499
-968
-541
-609
980
675
636
117
-417
376
300
568
-556
216
924
-261
748
-621
-25
-707
-302
-824
342
-174
970
-126
-875
-408
-579
-884
-308
298
691
-838
-113
200
483
-233
95
-252
-842
-733
336
-713
-115
371
886
177
273
193
-246
460
300
528
-611
-186
419
-500
-944
-436
-953
615
51
87
677
-592
823
597
892
-922
176
-836
-370
387
-673
-131
-876
-387
-758
-729
229
-877
665
-631
573
509
-823
-672
-794
-133
772
-956
-587
-189
-640
932
180
-128
-4
5
-890
-868
474
-68
-371
-239
131
-148
-859
7
-933
-685
931
813
-442
824
892
477
-705
-447
-729
-672
785
256
-474
-535
-441
73
-515
615
-113
254
-411
7
-102
-584
235
245
-545
337
53
661
-45
-985
986
170
-674
-107
739
82
-752
-670
-32
-503
15
-188
-280
-325
918
-356
575
536
-876
776
-950
395
-824
-306
-16
-5
-510
-936
-875
405
-707
677
976
-733
-924
983
-859
419
-210
125
549
-573
-821
-794
9
-730
-472
648
386
515
-391
85
640
259
222
-422
396
34
-863
-254
-483
-361
-535
-450
-973
-347
-679
-533
902
465
-529
-763
-52
768
-55
-854
-158
616
-786
182
874
804
-513
-68
174
-186
-118
724
-847
97
396
-549
341
-396
-199
-333
966
-635
383
294
-495
-348
104
935
-351
950
312
79
-709
-777
561
159
-378
497
823
769
-635
-719
14
857
-292
379
-494
-881
455
36
719
-771
459
-760
936
-708
937
-253
249
533
18
416
-640
-937
255
515
-142
-937
-297
675
-960
870
152
-121
937
-608
-452
473
-824
60
-583
-202
-523
-162
-1
670
-220
363
-677
728
-826
-87
-142
314
-377
-187
888
475
717
-742
-964
761
-45
340
551
948
-131
146
-213
-489
86
-623
687
-478
134
393
-327
-15
474
144
702
-544
-459
-523
-806
831
240
-356
980
907
-736
825
-200
-704
957
120
-822
923
924
-767
374
368
-957
837
688
-745
113
577
521
154
-193
886
-924
-184
-879
97
16
-719
748
-182
-590
-575
-41
735
972
130
-211
-549
519
273
-920
-758
-186
122
-680
-465
21
114
293
860
-903
559
627
999
-135
318
324
318
-752
647
-947
-454
-213
470
62
-330
944
774
-493
385
401
553
712
-688
-199
619
-649
636
-10
458
-942
741
-224
458
78
-928
249
-236
-23
-107
-783
-354
51
-655
-356
-218
-64
668
-547
-958
554
-586
459
579
-330
141
-788
-678
-268
-153
694
228
-941
367
-541
836
508
-258
-833
-850
416
749
-909
-432
528
-165
558
11
-497
-681
984
-607
-469
-412
452
476
444
-912
-603
204
-971
-646
-587
-34
-938
-920
-203
102
869
-622
743
604
983
53
143
-143
-378
-925
829
-659
547
839
703
366
716
-584
709
647
-530
-996
-399
-637
69
804
-239
440
-293
-12
401
-633
850
827
-258
-787
30
37
-873
-628
398
739
-794
988
567
-846
744
-714
59
402
173
-229
-362
-324
-919
922
-690
-495
-580
-167
80
252
639
-323
587
-64
160
630
516
-539
-869
-862
936
529
-56
587
-262
-580
-567
-352
-708
301
-917
965
463
-333
-720
-80
-627
-406
-90
76
2
-107
769
628
-770
-77
-853
648
320
-165
295
173
784
-605
-423
-57
-259
111
-710
882
-146
766
-870
30
4
708
44
921
510
-511
174
265
125
-92
-445
935
16
557
-584
-506
15
-72
-277
-310
711
475
555
888
-830
655
-497
15
-794
703
831
297
-988
-407
-158
-645
-592
-419
-851
-885
-221
473
-993
-426
150
191
530
42
-355
-655
839
426
902
-173
-624
369
436
-380
764
670
51
812
-978
-238
-954
26
-776
-415
-751
-469
-153
33
332
325
250
-687
574
-318
379
584
990
-598
-174
764
-328
-964
540
861
-610
252
289
-350
-177
973
979
-243
354
702
533
-593
872
607
-599
479
733
228
528
734
170
-711
-874
125
179
-544
-774
-408
744
-17
192
306
116
-225
229
-471
235
-923
-167
-241
737
-27
-123
-339
31
303
-477
57
-21
-572
-988
-845
-215
-900
483
665
289
-647
633
-82
-635
906
-93
-757
-75
719
-139
236
674
123
267
-146
-175
851
-236
-494
727
-772
-176
-841
-101
955
530
-832
510
497
-15
837
-639
-994
-934
-318
795
712
818
-320
-267
679
-641
-804
-356
-448
71
155
151
31
-251
152
137
-345
618
-442
805
229
-687
824
-801
-229
-431
814
418
788
-977
895
-532
-946
606
267
93
28
-348
-845
615
308
961
761
1
-511
-512
867
-380
-924
958
211
-259
705
-319
87
320
-592
-144
885
998
-262
-690
-62
524
711
-656
-460
402
-215
-840
897
-345
-974
-862
730
-241
369
-919
-560
38
770
-886
-715
657
-526
