-998016
-993288
-992934
-992823
-991282
-986577
-986076
-984577
-983201
-982104
-978833
-978622
-973038
-972972
-972940
-972586
-970493
-967769
-966610
-965636
-965062
-962356
-959049
-957731
-957164
-956882
-950434
-949399
-946586
-944837
-943760
-942423
-939425
-938793
-935775
-934061
-932558
-930862
-928338
-928253
-925189
-924342
-922634
-922417
-919492
-919268
-918356
-918320
-917717
-916400
-915972
-913215
-906143
-903673
-902611
-899609
-892035
-891600
-887483
-886128
-884531
-884298
-879773
-865669
-859571
-859149
-857359
-856359
-850105
-848475
-848209
-847710
-847146
-845577
-845080
-843150
-842731
-842425
-839588
-838277
-835516
-834519
-830661
-828242
-825505
-823776
-822579
-821612
-818542
-817556
-814406
-814396
-813351
-812685
-811476
-811122
-809610
-807546
-807077
-803842
-803270
-802841
-800193
-799811
-797586
-796177
-795146
-790335
-790092
-788745
-788374
-785665
-785406
-783557
-777675
-775368
-770201
-768803
-768605
-766883
-766143
-764850
-764027
-763830
-762953
-762820
-762162
-760406
-759836
-757591
-755906
-755191
-749908
-746795
-746221
-745616
-742756
-742176
-741881
-737364
-733051
-731225
-730511
-725506
-725449
-720313
-716665
-714575
-708603
-703455
-701637
-695981
-694388
-693563
-693066
-692352
-691431
-690848
-689504
-688612
-687632
-683660
-682499
-682131
-680842
-675173
-673793
-669255
-668955
-666664
-666252
-665107
-662888
-662328
-658339
-657000
-651561
-650938
-650153
-649796
-646022
-643362
-642821
-639732
-639076
-638674
-637254
-636351
-635223
-632630
-629395
-627215
-626981
-623605
-621817
-621261
-619125
-613446
-611859
-610788
-608941
-603203
-598566
-597022
-592868
-591843
-591721
-591309
-590808
-590390
-588100
-587997
-586958
-586252
-583742
-583574
-580021
-578778
-578485
-574646
-574272
-573314
-569675
-566751
-564048
-563381
-562314
-561739
-558988
-557355
-557095
-553648
-553389
-552145
-550045
-544683
-543339
-543007
-542817
-541575
-539540
-539340
-538355
-537405
-536321
-531630
-527628
-527383
-526489
-525159
-523739
-522374
-521633
-519900
-519496
-519121
-519106
-518853
-517266
-515396
-514398
-506558
-505168
-504980
-503458
-503386
-501184
-498068
-497652
-496221
-493084
-492462
-491869
-491602
-491005
-482534
-482228
-480136
-478775
-477925
-475876
-473947
-473010
-472339
-469579
-465974
-457873
-456570
-456138
-454164
-453976
-451771
-451700
-451221
-449792
-446825
-445903
-445000
-444472
-443767
-440737
-439223
-437655
-436839
-434216
-432363
-431798
-431239
-424276
-421878
-421534
-420849
-420229
-420228
-419595
-418145
-417242
-415172
-413847
-413735
-412347
-408989
-407433
-406111
-404616
-403121
-402739
-401364
-401309
-401150
-400171
-398742
-393954
-391920
-390832
-387881
-383183
-377708
-377470
-375484
-372749
-371207
-369375
-367319
-364996
-364736
-364574
-362942
-360684
-359156
-357209
-356346
-356221
-348266
-348202
-347425
-343812
-342910
-331661
-327705
-327174
-326631
-323889
-323706
-316401
-316125
-315938
-313540
-312989
-310894
-308287
-308128
-304071
-302966
-301316
-299552
-299436
-298660
-296944
-295381
-290569
-289352
-286597
-284221
-278406
-276050
-275339
-274013
-271993
-267222
-265547
-264069
-263506
-263224
-259747
-257529
-253987
-252950
-251833
-251375
-250184
-250147
-247041
-246012
-245295
-242351
-242172
-240765
-240437
-236734
-232304
-230142
-226748
-226109
-224755
-224011
-223703
-220640
-217748
-217372
-216710
-215172
-214135
-213658
-213191
-213107
-211686
-209693
-208656
-208622
-203966
-203623
-203493
-201207
-198547
-195367
-193828
-193079
-192954
-192385
-188743
-188643
-188162
-184338
-184104
-174638
-169633
-167694
-166980
-165575
-164033
-162021
-161979
-159729
-159482
-159258
-156961
-156327
-154768
-153730
-149953
-146929
-143674
-143105
-141498
-141409
-140646
-138026
-135855
-133469
-133369
-133215
-130359
-128379
-128119
-127382
-126576
-121846
-109267
-107598
-103831
-96085
-93903
-93053
-87894
-87543
-87087
-81803
-78405
-77021
-69283
-64390
-58579
-57595
-57024
-56862
-44109
-42317
-41127
-40537
-38136
-37261
-36303
-36061
-35615
-33358
-32974
-32279
-30207
-30202
-29108
-27752
-23820
-21675
-15064
-13498
-12197
-10811
-10419
-8522
-7171
-5940
-5416
-5336
-5174
-2231
-2166
2871
7166
9920
10709
13480
14325
17399
19970
21791
22913
23670
26137
26779
27169
35840
42867
43309
50480
53617
55323
55690
56615
57407
60540
61265
61512
64927
65034
65043
72295
72399
86021
86726
87258
90346
91083
95064
96725
98460
100494
103840
104576
112193
112944
113865
115105
119012
121542
122923
123167
129619
130326
132126
134472
139556
140374
141207
141802
142757
154798
156668
159536
162887
163253
163669
164995
173866
173962
176158
176158
177157
178478
178562
180912
181853
183068
184938
186096
187069
187320
187951
188287
188739
195471
205271
205469
210195
211579
212746
213586
216797
216817
217677
220105
220259
220425
220572
222417
225500
227571
228537
230429
232244
232699
234331
234714
240040
241024
241431
247561
252742
260661
261616
262231
264805
267326
267683
268526
270040
270170
271548
274155
277299
280380
281414
282948
283478
283623
284267
287714
291608
292977
294593
298051
299574
300755
301778
302265
305250
307862
310982
314529
315664
316323
318259
328901
330370
331260
331939
333999
335395
335815
336601
339304
339823
345431
345847
346506
347635
353905
354138
356451
356851
357116
357927
360336
361594
368770
371198
372042
372487
375404
376000
376017
376648
376852
378278
378633
380468
383677
383902
384129
386046
386658
390974
391218
398930
399410
401492
402514
404260
407977
411618
413044
417713
418871
427450
428992
429110
430580
431092
433124
433878
435004
436272
437632
439583
440864
441219
441450
441656
443946
445837
450084
452220
461328
468299
470497
472314
472583
473942
474695
478263
480195
483387
483875
484220
486561
486705
488250
491739
492309
492323
494322
495373
497000
497817
498085
499217
499634
499848
499920
502627
503435
505316
505492
506078
508110
509394
511246
514475
531282
534707
535268
536031
539374
542255
543854
546992
547959
557661
559107
559428
560313
560686
563147
563560
566768
567667
568283
568409
570213
570937
572243
572477
573452
575764
578119
584087
588819
591139
593824
594328
595588
598314
598829
607174
607330
610451
613191
616073
617387
617432
620029
625292
629243
630654
633904
642800
644519
645980
651839
652367
653659
655920
658482
659921
661687
661923
664237
665834
668077
671264
672611
675318
676613
678891
683420
689410
689924
691450
691814
694975
696473
698655
698751
704920
706047
706354
708203
708676
711325
719742
721022
721705
721944
722512
723902
724245
726542
730516
737498
737780
737892
739710
742728
745354
746606
750877
751483
752587
755996
757270
760033
762822
765537
769176
771163
773345
774924
777896
777926
779186
785859
787320
787676
790831
793860
795835
796485
796555
797192
799082
799943
801408
804285
806422
806717
808589
809206
810862
811834
812074
813333
815613
816902
819588
821812
821895
832615
837264
837332
837780
839734
842830
843826
845126
847935
851191
853458
855292
855316
857993
858105
860861
862642
863333
863525
864729
868621
876257
877941
878128
880152
881051
885160
885491
888627
889258
891879
893334
894929
897599
899393
903254
906767
906826
907712
908524
909274
909558
910002
913897
914386
920452
921445
924094
925160
928541
930634
930858
933414
936840
938508
940620
942160
942762
943381
948883
951516
953830
954853
957064
957502
964554
964716
966814
971337
973021
974199
981017
981807
984467
986049
986691
987607
988100
991436
992109
992417
996822
997900
999259
