-519
-370
-207
-747
263
458
548
-388
-568
572
170
-997
-333
-859
472
446
-187
-742
81
-316
-832
-94
234
759
-105
843
549
-552
-440
-474
-408
-952
-838
-853
695
-106
536
-184
507
-183
-834
140
-882
557
816
427
-926
679
-145
29
139
303
59
812
-40
-345
944
481
973
538
739
204
434
-24
-4
-652
847
930
665
502
-999
-838
-223
-259
-447
804
699
149
406
-683
-92
554
-549
676
-114
67
-361
-723
-270
-786
-585
582
-150
-618
-255
-210
508
347
295
-119
-815
-245
567
-245
910
-51
-187
-821
-765
-22
-76
213
228
798
610
-408
236
-995
-460
876
631
-225
705
320
563
941
-476
632
68
-881
986
866
345
-414
-582
-594
135
-211
166
461
-700
191
-609
540
915
-83
-685
-802
409
969
-17
-368
-424
352
-108
-281
108
-137
-613
440
275
-538
-492
-693
-340
706
68
474
921
70
633
-49
908
-104
952
831
-382
461
-50
-434
-871
993
-761
-74
418
-480
-693
666
-470
131
-700
-265
-993
-328
-152
17
-738
-51
566
60
170
680
611
34
939
105
-389
-664
-155
797
741
856
379
-246
517
-520
364
789
-633
-718
-95
709
847
9
-749
196
-571
-443
-17
910
-615
855
-623
182
-111
898
-848
140
-274
856
-547
52
-125
-205
701
-378
-607
-536
-239
631
-830
78
-368
-542
-104
-392
-81
-356
-7
-665
362
193
-897
410
445
454
-880
784
-440
-329
-822
962
665
479
335
-687
797
-277
-588
736
559
-301
-991
195
882
208
805
-645
377
660
-456
-588
-89
-603
589
-689
212
-579
-608
807
634
-948
-718
-537
-200
-438
-760
741
212
325
-484
858
-731
-92
-129
-547
-211
-732
745
-691
243
337
121
349
-100
-171
549
447
789
621
206
-240
106
-636
-160
-699
920
-139
-579
-754
959
182
-869
-587
-336
789
218
-617
743
817
18
911
932
398
759
-391
-104
-978
-602
-545
75
99
-986
164
653
267
-48
-447
-811
905
-284
220
-611
-506
-323
-590
582
-357
-62
727
523
564
-38
629
451
281
997
-580
794
-228
-714
-26
656
-656
-53
879
-511
935
288
697
299
379
309
-322
-270
-854
836
653
-194
1000
-890
-406
-689
579
452
-677
-500
868
382
428
-550
-658
129
-795
-465
256
925
-263
-693
407
643
-356
667
-622
983
-768
743
-496
-498
636
-500
-375
-199
-864
572
-371
839
836
-894
-687
-343
794
759
644
682
-177
-633
750
116
-330
-61
121
-474
-152
-120
181
-46
-724
-305
842
313
292
-321
-404
877
102
-145
-961
-864
25
-342
393
-434
-649
206
-723
-794
459
-242
828
366
-613
-323
-603
-665
391
653
154
668
-591
935
-334
236
-986
485
-117
685
778
-679
-926
-43
-705
654
784
-639
-562
-104
777
-268
617
484
799
-111
766
-932
-34
-768
-416
422
665
-775
-108
-9
-129
-810
-156
708
616
628
357
-147
-789
358
-525
786
-962
450
-716
865
185
-658
260
-216
-527
121
-474
-848
-106
-657
-855
616
745
245
195
-43
-259
-696
-475
-782
-736
-469
196
-674
504
244
-206
-467
-327
-464
28
-539
-628
-165
-343
201
869
129
-954
-55
-721
902
-288
597
723
-117
69
884
890
469
-253
467
-179
669
-884
558
256
-211
900
-697
983
998
-602
759
259
-626
-61
815
-959
-592
938
-680
538
919
-491
781
-211
-3
-897
280
248
442
-17
-159
-219
92
655
358
313
-524
-986
776
-144
-633
417
-142
-112
155
788
495
205
718
-84
527
-344
327
289
771
-686
295
343
-278
499
-838
890
277
-820
980
348
-254
832
183
-764
604
950
-708
991
-492
-33
50
-847
-228
716
381
26
-206
611
873
404
49
-626
-619
688
115
-918
954
565
-164
-510
-439
32
665
198
-933
-401
921
-869
183
-163
-644
-637
127
-601
-900
715
966
-716
821
28
-876
405
560
-544
-112
114
413
-236
-6
-689
420
-425
973
-573
755
665
803
-938
-83
262
750
-209
-631
994
-126
-11
849
852
121
388
-620
915
68
652
-634
-547
678
629
-162
195
84
457
-626
-870
-67
-616
-242
-954
-749
920
-152
-713
616
747
615
235
-55
-320
436
986
832
-255
-84
-333
273
869
978
741
-258
-619
-824
-721
807
785
-427
-512
-420
816
656
-123
-274
-266
-286
343
847
-884
-288
-905
153
-334
895
234
171
-68
641
-935
541
-55
-655
-539
372
-130
721
-331
600
-263
977
694
771
-775
-812
-276
236
-693
-646
-468
-220
47
779
644
-710
-836
-889
-185
-547
298
347
463
307
359
119
997
560
682
-906
-886
256
-408
-128
-580
506
454
707
-292
-931
226
729
787
-371
-331
283
25
-545
979
307
-171
-121
707
437
-353
-388
843
-969
-804
407
-93
248
-174
-446
-553
554
208
-503
-513
686
92
-505
158
827
63
275
64
814
-588
-102
-778
-657
-503
295
-466
-22
-493
-255
438
496
401
279
289
-768
65
-257
-163
-9
-630
577
29
269
-936
302
896
-465
-920
-884
515
-600
413
-727
-194
-390
-941
-857
104
592
287
-929
540
-981
-452
618
836
-91
521
-504
880
841
435
-723
-866
-115
-298
-715
720
193
-870
644
-389
366
217
646
535
-204
622
-525
361
-122
-520
-687
747
234
-35
-633
-952
-208
283
107
-775
-462
-204
-276
-308
-666
-965
-277
935
727
767
-872
481
-316
-226
-149
-895
-263
711
590
-490
362
-579
661
-949
438
167
-853
643
-479
-84
-747
-619
566
-268
390
938
-434
324
50
676
898
-445
819
-476
635
83
328
-764
651
265
973
-972
252
848
-367
-703
-435
-506
-647
-278
189
9
301
-679
487
-126
351
935
112
407
744
698
404
982
-41
220
275
-940
244
-782
428
680
-295
-467
-56
-509
551
-847
-564
373
-574
950
-889
-391
-298
519
-153
-502
-654
-79
-944
388
850
237
823
513
701
-794
-782
524
616
653
-984
15
542
616
305
-926
834
-250
408
-594
292
403
-353
-882
-847
493
-507
350
-92
774
583
296
-201
182
437
403
-755
-855
481
903
-501
682
-825
155
-561
-854
486
5
423
5
-347
-548
333
775
-709
503
-670
-952
239
-851
421
726
517
-644
-901
935
-730
942
385
203
647
-11
106
346
-750
-794
-867
801
566
-820
-355
945
421
847
216
431
-489
-851
820
657
8
-561
-4
899
290
-39
-71
209
346
-569
-904
-354
483
-761
-48
-19
-485
-497
-740
-961
836
-900
562
928
-460
727
774
-263
726
760
639
794
942
-800
-168
-970
-74
-405
-300
-541
-829
-970
962
186
-541
-539
-193
527
16
-453
183
636
-512
-94
-291
-125
-409
-812
179
384
688
-434
803
-529
914
22
911
-408
-39
-357
-383
-500
-595
141
408
246
-122
-622
207
-86
581
-427
-777
841
848
-702
-996
-308
42
461
991
75
905
-39
-788
90
-70
394
-929
559
412
165
567
175
-257
-30
343
793
-230
-944
140
633
341
-495
198
-60
-303
-441
587
-254
946
-410
852
-380
-248
845
-507
-233
-429
483
-391
-271
-894
-885
-785
-392
-400
538
277
-769
302
-891
-975
449
-166
-531
885
904
-904
63
-933
-34
736
-791
-111
-348
33
-97
-15
991
-608
709
818
-712
-861
-376
248
-642
-480
43
-232
-904
-533
103
387
996
229
-363
-937
343
-606
-704
630
202
-327
-640
-604
-454
-285
-712
99
-341
-545
172
501
629
-982
140
-990
352
-80
-491
-310
-522
-964
-690
-285
707
55
287
853
-799
-245
-493
883
423
692
128
-403
633
154
-19
192
-514
217
-34
733
-696
430
240
586
-69
-784
597
472
-612
-637
316
-44
-727
49
-56
-45
192
745
389
-975
712
106
556
-632
-945
-858
358
388
-693
869
-963
-396
956
175
630
-725
136
721
816
-167
-68
746
-326
913
706
-971
-176
343
949
253
333
345
842
963
-392
850
-152
527
-977
732
-312
-971
-657
819
-141
-896
520
348
-314
202
324
750
-582
292
783
-260
-234
-3
-84
84
-920
296
-406
-162
-812
-539
-453
98
-445
-558
518
-73
70
-700
-486
-842
483
721
-601
-489
643
110
181
-991
-277
-849
260
-230
-30
242
-750
-342
326
707
711
-470
884
623
66
935
586
905
-182
77
176
-410
885
-563
530
-111
516
-107
382
652
-882
760
56
-322
-271
-113
-759
213
-557
969
808
936
-1
743
-495
-142
-812
-190
-435
-147
280
-755
390
-759
-598
65
580
116
-141
-990
731
427
-130
988
-53
949
212
-137
-271
-433
-861
-669
321
237
-592
554
-16
-576
-179
-234
-910
-400
-344
178
-414
-223
762
13
36
-170
-346
-61
-490
-299
481
-647
119
-969
-847
221
-11
619
-286
336
-643
984
-274
574
-96
-418
-235
422
-708
-880
-302
255
598
39
-268
957
-385
523
986
775
847
-20
-293
-483
-466
718
567
680
535
-332
-937
-901
17
-630
-21
784
-192
45
537
135
-914
642
-764
799
669
817
582
-620
-636
675
-730
154
247
-821
-728
-415
-334
831
112
76
-235
409
95
701
866
496
260
-900
-138
236
601
770
-744
905
-824
-389
-316
-369
-185
738
-728
-819
-725
-182
991
336
826
-479
-117
-816
519
-547
174
-695
451
682
752
693
50
432
-252
-145
-81
956
-436
-74
275
461
643
-595
-482
691
558
-437
789
-57
124
-909
190
421
-846
-57
-174
-883
929
95
200
-671
450
319
-972
-722
-471
-635
454
44
439
-566
247
162
602
-869
-202
-137
-493
-252
-87
159
410
-270
352
-172
-58
-563
-185
434
-843
955
-466
-293
834
882
-17
90
-672
882
-822
-229
-9
-824
-626
885
-482
342
-627
-479
-727
66
567
-839
710
953
-855
-736
-125
852
353
526
94
205
-540
946
782
174
437
-37
169
972
-996
-877
191
-551
-61
-747
-972
446
132
-81
-615
-909
688
941
884
-917
324
224
147
-133
99
960
-412
773
-917
22
-395
-810
284
-198
-774
948
132
-88
-32
644
-553
-393
-332
-642
-867
-45
-511
313
-473
218
58
-394
431
-172
-912
-423
-318
640
665
983
-130
379
-817
450
915
823
-644
697
975
-296
-906
-436
415
677
484
-168
561
-337
-851
-67
-517
411
608
391
-835
698
-522
-159
-302
-563
397
-307
-346
55
-394
-672
-149
-521
177
-240
707
-786
-393
-446
63
151
255
679
77
911
-397
-139
-634
234
-231
901
158
288
609
-574
167
258
998
739
108
601
443
224
-99
-931
-680
-659
385
-532
-612
-957
732
971
-831
-680
381
-945
117
-877
618
-804
825
-950
-958
344
863
-91
-90
-868
430
-22
899
669
995
820
-948
-739
-617
-949
919
-946
-574
505
-12
-200
613
293
-164
-815
665
221
-617
89
413
-554
-846
982
-99
278
375
-192
-307
860
-444
-38
474
686
-746
725
685
-887
432
-545
446
-940
-751
10
607
1
-175
608
-66
203
-680
257
-402
276
-792
-702
220
-977
-638
-960
-998
-776
-522
557
483
-169
-704
128
-473
-356
64
715
-253
-788
-195
-98
82
-394
23
800
-615
150
757
765
-128
974
429
337
-161
-274
-359
343
-625
655
265
-513
893
-72
-166
870
79
843
-425
-461
-963
295
-405
581
-356
96
-323
578
-479
-9
712
-595
240
-317
814
762
770
598
977
-311
-590
485
737
-273
-661
-642
899
-442
-970
-211
213
-502
-626
-745
310
70
780
-465
-956
-6
-794
401
721
329
-884
539
384
-754
-350
-977
-71
-492
62
677
-385
702
-227
294
-252
928
55
527
907
813
622
-60
95
487
-894
-775
426
607
372
-378
718
932
173
232
461
-267
265
-581
0
-633
506
-827
-834
-755
-278
162
654
455
-4
499
-203
-995
-881
-598
-530
737
947
466
610
-330
-158
351
21
-407
-845
-584
318
1000
-487
919
-293
-441
-49
-27
-311
588
161
-773
-475
-481
-16
-683
-796
-593
-361
-679
-545
720
932
-605
898
-650
224
-855
-47
873
-333
-751
420
-915
613
248
-285
541
-140
341
-960
912
-527
-97
-552
955
678
-397
-443
-191
859
110
-146
-848
-758
-773
-434
925
-430
-471
409
174
-607
-90
831
339
-428
-626
777
783
613
-63
-794
728
126
-38
16
293
-740
381
506
-708
-346
659
-64
-153
760
953
869
601
-860
-799
621
-135
-604
231
-897
61
-270
-360
1
-777
-803
-267
46
810
950
298
920
-843
856
-263
-211
-923
-884
101
-643
34
144
574
60
-874
236
-593
14
-363
-424
951
-67
-54
413
-465
796
-102
580
-721
906
193
134
-953
447
-34
-303
-243
-585
-684
454
-438
-413
-859
576
771
-784
-413
792
-605
-291
286
-41
-642
-887
84
636
-43
913
-181
-392
126
158
199
589
177
-530
764
-502
466
-831
-84
-298
-715
900
699
-845
-764
-448
882
-13
-960
-832
-261
-578
-693
-195
-274
-443
89
-942
-542
-134
-603
946
-142
-200
-544
932
849
-487
-182
-276
-572
-714
-232
-442
-519
-482
243
817
50
-793
426
265
-111
-52
-416
-981
33
706
699
204
943
-559
966
601
526
-397
699
956
-952
807
143
504
-692
291
-145
809
-929
447
-476
314
430
-43
541
55
146
830
-62
-895
-414
-941
-672
337
489
-114
-500
824
57
640
-365
-127
399
-83
790
-243
19
-235
-147
972
581
87
752
518
-609
412
-363
-56
555
-668
-924
702
106
998
374
-187
817
-722
-808
-674
848
-106
-437
-820
159
806
-664
-354
283
279
472
770
444
-504
-369
361
-316
297
-215
675
696
-788
187
82
462
-791
938
532
-807
552
258
-883
-622
968
967
241
364
-857
280
-203
-421
158
-203
-410
995
572
-316
884
93
934
769
477
228
457
600
-442
311
939
339
580
854
-304
-940
-933
-266
-882
-236
780
-499
-925
-165
937
-806
-791
-118
-355
48
936
536
-330
-536
701
2
989
-449
871
848
258
568
-146
-966
-102
-170
840
-788
-401
-84
-726
-479
-251
256
-167
802
-622
8
-229
377
956
-262
927
-380
-400
18
-873
-813
83
-40
-37
25
994
93
-566
-326
182
4
977
814
407
-108
51
861
-588
436
668
976
588
-48
754
-727
-122
-3
107
-893
862
-323
918
997
-611
-708
498
-597
-997
-454
405
889
23
536
-287
737
730
775
482
5
-523
607
-303
-307
-366
-476
188
123
-908
48
-167
-352
-208
758
574
508
-632
-530
671
-800
283
-430
43
418
-107
-441
396
-715
-520
565
686
-421
-536
753
-565
42
690
-778
222
-48
-676
-724
914
512
-237
-625
-942
-935
-188
790
-316
96
439
-740
-713
-66
-91
-257
180
-979
-777
-648
688
422
550
155
93
81
-909
-357
-747
32
-984
-912
-544
15
-890
823
184
885
917
541
485
-264
-683
-675
-761
32
-870
-225
-346
-394
201
-29
514
50
-168
514
-995
250
510
495
-622
-606
671
-989
471
-847
-154
-490
-217
-720
670
-702
856
-913
835
926
-358
-842
-790
-834
-362
329
-471
996
-494
-272
-99
736
696
-892
157
886
616
155
-267
985
978
-325
-344
732
-88
-524
344
-950
483
453
785
-487
134
36
391
115
-331
959
-176
956
792
341
438
-339
827
539
-110
-464
-761
22
938
73
262
-906
-382
693
-589
584
105
19
-266
623
-595
-859
295
879
658
711
877
-64
-366
-529
783
135
-968
522
-719
-770
710
-425
882
264
-945
730
-548
-167
207
504
789
954
-495
379
-176
-976
969
-384
-822
-497
925
971
794
-116
10
978
954
-436
523
-748
-401
-316
-820
25
286
-885
-113
196
759
-758
-241
-524
-53
21
743
-191
-209
249
153
930
-101
475
-257
506
-513
-310
862
-778
70
104
-808
-307
197
-139
667
-326
953
573
-772
740
734
614
936
504
-559
804
632
-896
-355
18
757
883
356
-447
810
-846
-908
97
368
507
-730
670
406
-372
561
-333
-363
-904
-161
-241
475
-907
-32
-398
-848
-746
-388
601
-779
-29
-862
-558
610
-165
-392
954
969
342
506
-8
-765
-625
846
-43
828
215
186
-389
-301
-451
-350
481
700
-626
-153
-773
-372
712
702
267
954
445
876
725
-416
553
-871
-439
780
823
299
-376
876
124
78
-279
-225
-821
929
-844
-200
-318
-654
546
-991
271
532
-423
-345
969
-924
615
723
543
-272
-427
-734
-453
529
443
815
802
657
758
966
411
861
595
-827
559
572
108
-556
-75
458
-2
-950
367
-202
-847
506
-847
314
-275
578
704
669
-236
-480
371
742
457
907
-341
-948
904
-341
631
-686
401
-471
-949
-617
887
400
-893
-273
46
-88
-512
-898
-744
448
128
-6
-408
163
-58
-453
56
-393
327
407
-400
536
357
599
520
933
-517
274
931
-140
-46
-888
507
728
-918
-946
-443
470
-778
699
236
-274
962
145
272
0
806
-479
-603
436
658
-867
165
891
-648
845
490
864
174
957
357
-595
-974
378
-185
-136
372
852
-554
654
-109
-905
-769
-469
-884
-899
876
332
493
983
594
-365
-609
-2
19
-811
-977
-710
587
53
-317
921
375
-741
806
-750
-655
262
964
274
-458
836
-13
-391
-790
-715
798
-940
651
700
234
848
-374
-699
820
-633
573
-799
-564
-821
-560
779
513
373
270
737
277
591
-356
-11
-565
-425
-507
718
-315
268
66
-115
688
-838
-279
835
236
-789
136
706
369
-955
57
632
320
255
-564
-179
8
563
293
173
267
472
616
-591
-939
-239
941
922
-692
972
-822
123
-360
155
-765
-584
408
555
235
-518
847
405
131
-237
-55
-799
484
63
-702
454
-977
325
55
997
631
-628
60
-748
992
585
301
-493
-623
-320
-249
645
733
171
-899
-32
482
-628
-13
975
-480
-530
615
735
-853
757
-921
-177
510
-179
419
-364
-489
282
-861
681
-239
524
767
856
-806
307
979
-374
132
959
-618
-669
974
309
331
-228
-186
860
254
832
-54
-733
442
82
759
-459
899
-849
63
825
315
-102
-739
888
-239
707
-598
-941
-581
346
-527
677
414
99
266
-657
507
-530
574
-753
865
342
-888
-928
648
548
-515
894
-845
650
484
39
129
143
185
475
242
-3
739
-689
-905
595
-453
878
705
-74
-478
789
589
483
264
482
707
728
-992
817
746
356
966
-285
-441
-228
480
-792
-183
-18
-364
82
165
-15
-300
305
147
977
-270
-145
435
505
343
-609
405
991
726
44
50
-940
765
573
442
-231
565
-412
584
304
-367
62
766
559
-517
235
624
-348
-820
769
-141
878
423
844
585
-729
663
-744
-56
-392
701
-258
325
-840
-884
-683
-916
-999
-843
-666
171
-42
-178
-682
161
133
-348
293
532
-747
870
980
253
36
161
10
-141
155
969
891
-859
-627
-730
311
865
241
623
-305
-215
-715
-307
94
-403
-501
314
-512
981
167
820
526
59
528
-741
-420
438
-308
-834
350
-6
713
-652
540
217
-983
-231
304
461
929
290
897
-185
573
644
17
44
638
-204
-143
845
-296
-628
-141
348
957
727
-22
943
-39
311
17
-75
176
-297
231
373
-190
741
338
-93
-339
953
-795
-743
309
-296
-856
125
-573
839
313
-412
588
-566
-147
-34
-596
972
242
505
903
77
683
-201
-195
412
994
489
-35
-186
-627
288
827
-48
-282
394
673
-597
657
-6
-62
166
617
263
-11
-973
-302
675
168
248
-219
567
177
225
179
807
741
440
385
-969
-836
480
86
-898
-252
870
627
658
847
-102
634
593
968
-706
191
899
917
-130
614
-503
-542
968
-628
-609
351
885
-915
10
-324
53
542
573
-993
-937
347
-563
-837
-740
-314
-966
191
-433
-721
226
424
-89
333
-453
162
194
53
972
633
80
-828
-614
284
429
-532
-28
122
960
-182
-362
-613
658
-288
334
-446
874
439
-663
789
-217
191
-782
-118
584
489
-530
780
-861
-982
-702
-833
462
269
820
-142
782
-819
266
-365
-145
-644
-958
729
-604
-673
-399
-162
-285
195
-342
-827
-698
-686
125
511
-820
-570
589
217
477
-670
794
364
43
-761
-610
957
290
275
384
-256
948
20
427
-48
-25
-252
984
575
443
405
-82
262
-830
-996
-633
68
-537
-596
825
601
-186
759
-14
-966
-327
679
-910
832
882
-224
744
-878
-955
-941
264
-69
-490
986
-900
379
-176
-702
57
50
-794
197
747
-768
-728
-605
-90
-421
407
-927
955
666
452
-991
71
-813
416
600
952
111
-547
807
-639
199
832
-388
946
726
423
-56
-176
143
109
160
255
709
609
328
-633
-175
-607
916
699
-272
676
-454
-376
472
-88
-666
551
355
222
-850
-735
-990
-596
919
643
459
735
-642
-50
-909
-340
980
828
-282
-37
228
-728
829
-168
-171
-649
811
877
-700
329
695
-630
335
999
-423
-397
-894
-907
852
834
-449
907
525
450
81
517
-885
-266
896
296
-27
869
-434
-589
837
-339
804
471
209
491
376
-996
845
-753
-845
50
977
-386
-581
-516
273
32
-348
112
981
611
-243
-440
640
-223
538
-598
978
744
972
-877
1
-395
-339
916
-741
453
509
-515
250
884
-257
-383
716
-130
168
-644
-78
-405
7
359
-444
-203
-504
-527
346
-563
-862
-169
522
-905
-836
575
-313
-96
-190
150
-866
741
-598
-430
-76
685
-906
624
-737
707
441
5
799
896
-363
-684
-364
-726
-152
611
343
800
-720
522
-691
84
-721
721
-408
781
-390
552
593
-13
-948
691
392
-565
464
783
22
-95
-927
736
-944
87
-166
765
-468
-192
934
-380
-526
94
726
100
236
990
639
-875
160
764
994
-865
887
-295
212
-791
736
356
779
767
359
156
-54
543
-425
71
-612
935
-522
399
-932
766
974
-557
-905
-480
-754
630
558
-552
-908
-184
-851
-686
912
27
913
-846
172
631
-892
-14
467
-412
20
-265
508
215
-110
479
334
258
-501
973
-770
-356
-210
577
763
159
101
388
344
102
804
-117
247
-674
50
-913
369
665
875
-903
579
224
173
872
-292
82
145
917
-505
300
437
81
447
-406
-89
905
-366
-459
208
-927
-844
-531
806
256
879
-678
-654
-260
974
-91
-295
650
-59
60
478
-989
815
-744
-248
153
-531
527
-255
411
-89
-393
706
-971
-651
730
-110
718
-332
-966
499
-133
184
-777
4
37
-904
-743
-590
-339
-415
669
678
389
-286
137
8
-239
-606
892
-574
-175
530
-827
-39
-893
-706
185
881
-659
565
-695
673
-783
240
-17
644
922
-957
749
-75
135
-621
-836
-287
-299
-126
651
272
-334
-754
-234
756
-367
274
899
-670
832
-443
-499
197
773
322
-433
-110
401
-744
-273
139
-791
-35
-138
815
-81
175
992
43
-504
-345
-420
790
865
15
-853
-501
649
883
939
-852
-740
-12
-360
638
-16
-276
-25
956
47
912
387
-348
-609
412
-976
105
438
-430
801
-370
-978
-843
-420
-947
844
-29
504
552
544
-278
680
-517
634
578
929
-356
-135
791
855
761
-162
960
-586
-799
855
-977
816
-526
-681
260
858
921
-804
-182
-468
-220
-140
-851
-715
292
-500
-260
568
-394
478
847
826
267
-14
-880
-89
496
925
652
-70
989
981
-951
882
172
-245
858
-162
-706
913
-867
959
410
266
-726
746
-173
-981
694
-558
667
983
456
-936
530
-222
753
433
-232
439
959
-638
1000
892
192
-659
191
568
220
592
489
804
-202
-381
-964
824
-161
-947
-836
999
206
231
841
-835
631
-947
-912
442
-746
-662
-228
-633
-751
777
995
-117
-794
790
390
-197
507
-267
572
-307
-877
-302
-830
-991
-681
-814
104
250
-43
-732
-210
732
-473
873
-860
402
764
743
-456
921
661
722
467
798
262
467
387
369
-189
909
-88
-358
338
-731
673
99
56
-574
48
233
-264
-123
941
555
904
-981
-599
785
-768
198
-409
927
255
991
969
-767
-659
957
518
787
6
456
760
-268
173
-152
-777
486
877
96
549
-132
-35
-601
429
490
183
-1
-486
-121
-294
-316
415
-933
-596
660
-310
297
-538
-661
-624
-806
-72
690
-36
-89
170
-588
793
-168
444
47
28
-415
-445
123
-940
906
-214
-223
594
356
-736
-113
578
714
-915
-901
897
721
-944
528
814
590
-816
-369
-577
672
100
-9
-426
464
378
294
941
-558
-248
153
-862
-920
7
-502
390
264
207
447
-437
56
-931
31
-7
-246
-265
800
-717
611
357
-595
134
-596
-646
513
-371
780
-91
-998
-386
-57
-586
-717
-77
-695
-673
138
562
273
305
835
645
-125
515
15
-207
659
101
57
-381
783
-532
609
311
-267
-622
-419
132
-530
468
-322
121
652
12
105
-319
-74
317
-131
766
-243
198
-544
-101
-741
896
572
558
-215
285
-813
827
-622
-341
461
-876
-510
-61
-916
369
-612
-711
224
-702
-756
926
-315
-269
-498
774
825
9
-394
732
-981
-789
321
366
805
-128
530
409
-805
-261
430
499
181
-112
-552
-682
-84
-194
992
-162
347
-868
-496
-652
-248
-700
277
-21
-427
-243
-886
-50
737
90
56
-224
-932
303
-148
968
-693
-878
52
-148
892
-867
-476
880
-204
160
661
-656
-422
-689
153
-218
-662
-942
868
4
228
922
-431
-906
-539
-139
-505
-818
-333
381
-924
-845
-425
992
505
225
-554
417
-72
-787
-265
26
-763
207
250
-821
-259
-956
831
169
-48
-315
-246
827
-180
-301
-251
358
-243
-565
243
-69
-43
-179
-154
-169
-979
854
431
-521
-51
366
126
364
489
-210
-719
895
668
442
290
576
148
998
-47
-59
-142
-794
-92
606
-246
-793
633
-10
247
-227
-290
-204
-328
379
54
-213
-486
-935
891
193
-52
483
219
-436
539
820
749
988
-748
343
302
-641
971
391
638
482
833
748
-708
891
-527
-550
-457
-728
406
-754
696
-450
515
192
-320
-47
221
-444
-430
-846
73
558
667
-657
935
-195
983
755
-78
62
-377
276
-104
-443
630
611
-142
-524
996
593
216
713
513
862
644
475
-12
-481
-424
-807
-434
-397
-863
797
913
776
483
-45
-171
314
-107
-235
696
-364
-593
-890
-689
990
368
-90
-341
-318
770
339
877
-249
-204
-406
-843
-685
-245
-309
901
609
-40
-891
-635
263
271
691
-445
-459
-562
687
993
289
195
751
-827
21
90
394
961
-81
973
515
70
-254
-835
-505
-213
771
-381
-399
455
-686
295
33
538
776
744
417
-296
819
-661
-166
855
427
400
-443
-394
-731
-638
282
-52
878
-159
860
120
-414
546
870
589
-491
350
714
559
-724
246
969
336
-672
248
-291
265
-345
-984
605
977
-814
-171
690
908
-900
-288
134
-51
-901
265
26
-937
409
-69
-289
-528
714
-4
295
300
-939
-429
-681
752
811
117
421
-610
560
-848
79
-522
179
344
-108
919
-171
-348
774
147
240
-348
572
-912
-662
-975
-806
-284
-826
-108
574
-520
169
-244
961
239
726
465
-557
-887
-311
-948
23
20
-366
-105
-610
511
-581
-571
-729
223
-632
117
559
341
-963
-767
-104
-973
79
-211
398
82
38
-770
363
462
-410
-435
196
-262
405
849
-258
537
663
-243
-510
818
641
-257
-284
231
731
-352
463
-455
-948
-858
-937
741
911
-179
-465
-941
111
-943
-513
-42
269
-241
-524
-962
785
374
-335
525
113
-187
912
182
89
-745
-131
-402
540
-400
672
-213
-83
911
347
41
490
-624
517
-150
-112
-158
574
709
531
-584
-686
894
-344
347
-862
-944
-485
-950
-532
446
-750
844
538
-576
-875
902
44
784
569
247
576
-706
553
-633
-517
-429
-223
-612
376
-123
-711
312
820
154
761
860
401
602
981
-999
555
-756
27
-921
8
846
-523
-223
-958
620
-399
266
-791
-460
-75
-98
847
-603
-849
-269
-788
762
-452
-571
-877
768
-203
836
-758
232
706
-328
190
872
-337
-298
206
-192
595
523
561
-797
-796
345
-497
-558
-440
-61
383
664
540
542
559
-506
-306
-199
255
-824
-83
-667
-358
72
811
479
106
601
960
-377
416
-995
50
-54
993
-691
-39
-78
738
-623
-477
654
810
-888
-163
234
-287
-51
108
857
884
-772
-760
959
276
634
-241
974
420
884
-924
967
-903
300
427
403
676
-80
528
-649
852
262
619
-143
-271
-911
-771
-812
-21
-316
972
-485
-108
-393
588
-427
609
-460
723
569
-814
-745
420
188
681
98
-735
201
658
255
202
939
-140
453
-625
941
606
-57
992
355
792
-796
-863
139
-129
157
895
430
967
803
826
-790
-459
-948
118
428
510
-384
843
976
-653
46
-25
29
-41
-5
-282
-849
-943
-28
151
468
937
133
-820
183
-4
957
-768
-851
-851
253
-403
-165
745
-690
-448
-16
309
255
-698
-48
-999
-99
465
-962
-325
-458
245
-933
477
-920
169
-462
-127
-165
769
-230
239
615
183
-318
-40
-977
514
-179
-927
-457
-417
-529
-762
-674
-640
-497
627
711
20
-172
-108
-815
477
-154
-334
-574
300
943
-259
721
-911
247
-277
-216
543
99
433
42
243
760
138
-770
438
-248
-213
355
111
-309
855
564
201
-955
-726
-96
-894
982
164
-986
895
49
-595
-280
399
-237
-232
-718
-936
631
-505
-456
878
170
-541
473
-674
-747
379
-194
-184
-904
-425
-794
-537
95
-556
986
-791
-973
-476
-753
-113
-270
949
992
70
290
369
-534
-261
-55
182
33
766
26
193
-457
192
715
842
-986
190
276
247
-376
917
-575
-700
481
948
-667
-425
-942
-555
-76
278
362
-964
775
-714
-845
288
-162
59
75
327
-162
-515
-529
826
477
541
-744
-427
912
-264
-35
-952
521
-286
335
477
273
-848
188
-276
453
282
106
-510
-987
368
-209
542
183
924
-656
375
-647
-631
-796
-856
357
-467
101
-773
-653
-509
-379
61
-588
-937
813
542
562
31
-981
521
630
-707
108
393
569
-58
668
801
-263
-591
523
-20
50
-548
809
697
313
124
-331
-614
-356
132
402
630
233
-299
-984
60
790
-465
312
121
343
-920
-600
804
-379
-215
804
118
899
-502
607
-432
244
-403
554
-181
224
-406
185
-182
188
800
854
-555
906
-905
-134
932
146
-334
-487
-414
-616
-699
632
-175
-479
-331
952
-300
564
975
627
-992
178
850
592
191
-575
184
-263
607
-955
519
-991
280
40
868
628
-633
7
-287
30
875
444
-463
-507
350
840
726
532
815
-286
-899
983
605
-670
739
398
-453
687
524
-59
592
440
696
-483
-775
-74
-424
869
-760
-138
-85
44
291
959
-937
3
-339
658
721
-327
-344
503
-595
-750
105
78
231
-286
-257
-152
-908
172
25
538
-404
325
27
-659
442
-974
120
-156
578
236
-88
359
-646
-634
-490
539
-718
520
252
-470
-686
-429
642
418
-374
-594
-537
314
-316
-835
-301
913
-250
239
168
518
385
-329
43
-549
818
-77
-585
-987
652
626
950
835
210
-102
563
315
797
477
-355
-695
-986
239
-588
796
204
-372
327
-639
391
388
394
217
70
212
-837
992
560
490
120
191
796
33
-71
-53
709
-525
164
337
-116
711
753
-546
527
325
-195
902
5
939
-115
-662
-102
-500
206
859
493
674
-209
833
-891
15
756
50
270
-919
649
-909
-223
-1000
637
-24
246
867
-40
-628
606
-855
-733
-381
-373
-297
554
-497
961
939
58
642
-163
-828
-601
-394
145
522
-672
-617
-897
-665
-645
743
-78
215
192
-442
-454
158
957
-884
921
243
23
-429
-445
500
919
-555
-103
495
-858
-333
-977
521
-639
465
41
-705
-863
-387
-885
371
-159
185
916
-181
-126
163
-271
813
239
-250
-585
161
-356
696
369
567
899
-144
-461
125
61
272
-168
-437
-854
-651
551
-378
-142
-833
551
-500
597
-343
-985
744
477
383
-367
-857
-975
-271
-316
211
-86
-950
-152
-250
-265
471
336
-416
-243
79
372
-3
320
-447
-611
-799
671
522
-945
-327
219
-557
270
-86
-46
698
-811
-802
916
572
907
-790
75
268
67
705
-687
-402
-395
-745
604
-832
300
706
-859
-287
707
-549
-49
488
686
698
-407
-936
-620
676
-766
662
974
-619
-679
219
-746
-670
837
-664
-488
480
87
-331
-977
336
941
-133
158
884
-174
279
386
-291
499
-735
461
-874
518
-915
-25
272
-969
-652
183
-175
955
968
375
-686
475
-50
-437
467
-340
-69
-615
-304
584
-617
241
662
313
886
925
562
-613
725
-722
-910
952
986
631
-252
290
812
-130
-471
122
-866
745
444
465
412
333
-210
-991
-665
-629
409
28
374
-755
-886
-805
-408
-570
236
329
-365
461
-564
837
92
-552
-164
-687
-232
-982
895
658
-718
251
-120
638
-552
-182
-904
419
-837
-704
-544
-401
454
-613
437
553
-702
652
312
-967
200
-284
-207
913
823
42
-858
-80
595
324
-494
-908
718
567
-46
914
997
501
-822
-23
669
-54
-993
-249
-307
-842
986
-182
-949
277
399
237
9
704
-487
-360
-453
815
693
325
-729
-897
514
-575
-934
439
772
-193
-540
-89
-740
541
239
-649
945
547
-864
119
815
809
-618
-815
436
-978
859
-202
-753
-91
-815
593
-907
-210
-893
-651
-863
-846
-147
-185
-522
-217
453
342
566
4
-706
-821
-406
782
833
558
413
767
-543
-253
476
-36
-542
800
-722
-866
635
-958
-224
-124
-495
-375
-97
-598
-954
-631
-811
101
-381
-362
501
-766
-459
-975
794
128
459
461
-922
658
519
124
965
-829
363
-563
270
-251
-686
-824
10
528
-786
-961
-228
-433
214
-523
-333
-2
607
531
-995
173
422
-87
-102
-243
-576
-955
-199
909
320
37
-82
-888
-799
-882
757
-746
581
511
-779
357
-198
522
847
-687
-560
738
-153
320
254
-942
-494
-59
-768
203
344
-226
-287
-220
-945
121
585
354
-897
-607
19
-483
290
462
680
639
-221
-750
-264
308
-267
73
-51
154
42
-680
-488
254
-448
303
-47
481
53
865
657
182
-269
372
766
-658
-417
819
-490
-856
-861
-665
-231
-446
-679
-941
-203
190
257
596
-574
-887
-867
613
-807
790
-365
754
-23
125
-761
-447
-74
-295
-545
25
-66
847
-4
342
404
-489
-825
-776
-345
973
180
-989
725
847
113
-828
-198
-489
-746
619
261
-39
-605
-187
-216
19
178
530
-471
551
208
604
-471
114
-314
-389
-48
-597
21
834
-633
341
252
-190
-352
189
-220
21
782
685
-617
-467
-118
619
382
-606
-249
59
624
515
909
-448
47
609
637
879
-2
-656
713
-824
43
986
617
-704
820
-439
-897
-612
-414
-393
-940
-656
-860
512
732
-244
478
-34
-644
-59
-465
680
568
217
-914
-207
596
181
167
928
-42
-234
134
523
-65
-829
674
-660
201
856
-329
-807
-346
-187
926
548
-605
-906
-284
-369
406
447
681
-3
237
713
839
811
-921
-645
-777
-555
162
253
770
706
510
-809
-241
65
-602
-820
80
993
691
-504
-721
734
-262
-585
24
231
-131
673
-781
448
16
-266
429
-337
-797
716
-582
-620
-763
-52
304
-680
-865
-781
-461
773
737
482
-454
-604
435
890
-355
-866
-846
325
261
-25
883
-845
799
548
877
-825
874
33
-124
241
901
-397
924
-264
-43
712
-223
-639
-856
-866
674
-529
692
-963
-151
-820
-369
-310
-239
-572
70
524
444
-352
886
73
-383
682
486
-902
-797
-395
-263
-234
-82
-67
-796
920
-474
-629
-339
879
-13
-807
295
-649
-354
896
-348
759
504
881
-777
564
-433
964
752
-565
-360
717
357
1000
-203
-557
-880
-633
150
-612
-861
-209
-454
-390
-989
-926
-4
697
733
769
-472
-587
-308
-140
-353
632
323
-313
-410
-24
-848
-77
81
544
577
-341
740
369
990
628
-76
780
969
682
861
205
759
-344
352
-900
731
-928
902
-986
204
589
445
216
786
-463
-807
754
351
237
335
-298
-638
-824
178
265
-918
-471
879
-220
-468
506
-488
809
503
251
93
904
-190
134
716
362
-381
-511
797
724
-749
618
-417
-234
-440
-271
961
422
-455
-120
168
-438
741
-316
-254
74
700
-31
607
424
557
-615
751
-492
-342
998
742
-198
-47
383
658
-745
-748
-572
-514
-993
-329
-494
356
155
447
-78
-913
960
441
963
552
190
-516
652
-584
-429
446
896
-379
102
206
-991
-989
-563
-368
-107
915
50
485
663
739
126
-416
-915
286
612
-485
-487
929
-479
719
-314
121
-530
-559
-885
-623
-250
561
-838
490
76
5
846
839
419
310
-101
460
555
-380
-469
-735
524
514
975
-905
853
-87
798
203
-416
-439
892
681
-209
-250
-166
-348
-339
-550
-811
213
121
-164
849
-694
-734
-472
205
730
-184
-381
-1000
988
363
466
912
939
103
949
-775
628
-496
-591
34
-287
-536
-77
-651
661
879
192
428
-279
634
350
272
-706
-974
552
-360
-626
-640
-12
-217
-383
948
-462
488
751
655
828
952
-312
990
282
172
457
-800
320
355
465
667
-764
903
-541
-737
-174
959
242
-869
352
-901
601
-713
-482
111
502
959
-176
-774
20
350
-122
-527
263
-31
-982
-165
-635
666
-605
-180
825
676
245
62
-122
239
847
641
-978
-644
-533
604
-444
417
-718
410
842
-929
941
429
571
479
225
-184
-913
-927
433
489
79
-882
-127
-102
-34
374
737
587
573
516
957
286
-779
-20
861
405
327
-769
324
-77
-414
-541
-809
308
354
466
-568
110
361
491
-175
-656
852
-961
-789
-975
459
-451
-212
227
-960
-299
-410
-842
742
819
829
597
993
682
-614
294
-589
263
-228
-75
185
-878
383
345
-353
-432
-690
802
904
28
-121
-963
341
162
200
-75
103
471
-16
-926
659
-893
-164
33
599
289
535
697
-354
-179
533
316
-832
-386
292
768
-411
977
-444
-41
51
72
-827
-515
-631
-854
294
72
-679
824
-867
550
-532
510
104
53
491
-487
666
-925
822
337
613
218
423
559
-89
296
-63
673
640
-412
-824
77
32
-442
-182
480
-662
220
465
214
326
972
299
505
-773
227
43
961
-600
781
-332
-354
955
647
295
-358
766
774
742
331
795
897
-518
-381
-701
593
144
-674
-472
-183
-730
-906
703
603
-730
-254
227
-651
359
522
642
499
593
939
-311
649
82
687
47
-337
657
407
62
775
-787
475
-210
-675
-125
843
958
-358
-221
579
139
-981
685
-586
194
-381
758
-867
-794
549
218
-682
-396
-642
-111
958
269
657
-95
428
454
391
-909
553
-234
-103
824
463
829
-606
-575
-793
-124
117
-838
212
-839
-511
464
525
886
-538
259
330
-620
26
800
359
197
334
887
390
-418
852
60
771
-880
822
739
-852
151
854
-851
100
-217
-494
473
100
590
-867
721
-624
756
602
692
742
-830
461
839
369
178
-758
-217
-65
163
-807
120
-230
-54
-557
-133
538
-542
-609
-488
232
-120
-752
302
-590
70
-891
831
111
-887
253
997
-503
761
443
661
312
520
-347
-733
914
-963
554
801
938
441
-613
-142
-401
-685
-84
-393
377
-298
-57
-698
871
760
-533
374
758
223
-686
-763
-224
792
-329
-361
-624
957
262
43
-628
344
-991
97
-843
465
370
265
-946
828
-323
-68
691
179
-353
-366
137
974
799
506
-764
862
-352
-950
-409
-432
630
-636
-369
-601
-154
-926
864
-449
-650
503
271
-149
994
713
817
262
932
-155
-292
713
757
-174
665
745
-854
614
696
371
-943
283
521
166
-860
-780
-544
-923
-199
121
724
669
-894
-169
294
-279
357
-275
229
-893
391
-742
-678
-842
-131
-665
150
-727
5
234
755
887
544
779
848
-608
675
-678
-752
930
668
404
153
672
-821
691
839
372
-839
827
897
-41
-170
-226
-893
-730
-443
-478
377
-575
-424
310
104
289
423
610
-320
-237
562
-320
-388
-857
567
933
398
-578
387
-694
124
337
520
-214
509
155
517
890
54
672
-851
636
-81
332
481
597
-828
-799
-114
324
841
80
-912
-707
-672
645
800
-272
-366
-831
-246
-171
284
373
-481
-639
64
-747
-285
214
-741
772
-562
-811
-259
23
490
-133
-741
-337
-377
-629
-698
-22
-82
-698
471
-158
709
-649
-532
489
900
-437
638
975
849
-135
564
994
-636
382
-35
-83
453
-89
-226
-740
-883
922
-618
-920
615
-332
-858
688
468
-822
-986
672
974
565
-797
684
-17
273
418
542
-896
680
-573
104
371
-457
992
-106
533
996
256
229
-340
392
-273
799
-701
820
453
-949
-240
185
-67
-626
865
747
-654
-522
-774
-896
-571
-978
-141
-349
399
-995
-538
959
-593
850
-122
200
638
278
-740
118
-741
-205
-793
534
85
674
732
750
640
238
818
508
730
148
-9
-533
-196
-170
-670
129
304
-297
-749
90
-822
491
526
-815
813
-468
-234
120
-654
401
525
-833
166
715
576
417
-859
-757
-43
-12
-25
486
425
-122
-956
488
-737
461
-9
-883
82
405
-934
-498
-557
147
-419
918
-870
254
-730
572
-328
-619
-178
-811
-92
259
-772
-539
-439
-908
669
554
-684
-791
-804
939
-951
391
-85
263
-84
-902
789
315
-276
641
-53
960
-45
888
946
-987
554
-626
475
150
995
170
-761
978
201
394
737
-76
-567
111
-885
-377
-950
761
472
-190
-253
88
-995
628
293
558
740
223
634
828
361
-587
-236
928
-471
310
-13
901
-386
328
50
505
622
420
130
-352
-98
-755
915
454
-823
-515
-383
-746
-140
-752
745
224
676
-779
-653
-205
-557
-708
-916
114
990
-287
241
-114
643
848
338
-471
-274
-381
-88
-844
355
-354
100
362
-249
-896
63
-534
777
1000
-290
624
532
620
932
48
727
542
-220
949
400
878
853
843
548
837
-787
544
751
778
755
-902
-4
702
-625
978
606
547
251
66
-999
513
-960
90
959
903
830
461
759
615
-711
284
192
302
170
-435
125
328
-888
-251
244
-821
303
-299
-569
262
-286
341
-591
-741
-386
-169
-607
526
996
-198
-189
120
319
-497
-67
156
119
-780
946
-694
-233
-864
944
-726
572
-202
-660
586
30
-309
336
758
508
-414
77
-255
308
-72
330
-169
851
543
381
-215
-730
-680
852
720
-575
999
-629
-223
352
781
999
24
-701
981
278
-392
995
-358
698
-805
501
-49
-323
-673
-305
358
-869
331
-540
259
786
-42
-313
-491
127
121
757
-760
-204
-365
948
-998
52
-186
129
-386
-632
-384
784
-142
125
-895
-310
-675
-393
992
404
-911
633
-878
226
300
-846
387
152
-209
833
990
208
-855
891
473
-679
-579
-138
132
-839
-969
-249
-919
90
-143
-591
-332
668
-187
912
-600
655
-849
591
-932
-728
-92
-42
313
55
856
-592
-760
938
-510
445
496
-537
373
412
-212
392
945
-304
953
995
695
95
-230
640
754
-482
950
-906
622
-36
150
-792
-482
258
33
-605
-153
-547
-712
793
115
-590
-88
621
404
-317
-770
321
685
-923
547
-944
735
986
-493
187
290
-643
516
-478
-329
-712
927
-2
591
-191
-69
594
-531
677
287
-558
-940
-986
-106
0
-476
-516
-377
-875
891
-633
-135
728
-258
390
644
-558
806
-436
371
454
-40
-507
880
-667
788
-288
937
843
968
-660
469
809
539
696
691
-696
615
217
-904
853
563
-106
-375
-602
895
448
-533
-23
776
-287
-42
893
113
-330
92
-163
710
-735
-389
837
799
-500
-143
221
894
61
-993
-552
-648
285
-166
706
-644
-359
624
-113
950
-228
-531
857
-986
-36
914
332
700
871
358
-287
87
-172
837
158
-662
984
850
-707
955
-656
48
904
-503
-869
603
-221
-343
-642
771
356
-102
603
-9
700
-966
-645
260
995
643
839
-935
-728
530
-23
-497
-298
-365
356
-50
-840
487
108
778
-337
-867
-171
-768
622
-232
-627
-715
486
990
-789
-675
-319
752
742
-399
-269
540
507
-346
536
-6
-979
-40
627
369
892
701
-854
-965
67
-723
745
-520
-76
801
-596
244
-52
-967
145
776
778
95
-30
-193
723
-132
167
186
-567
-568
-520
-575
-414
-381
-630
913
-959
215
233
899
-749
-601
876
-97
-541
495
-797
15
613
-267
757
626
439
-892
-281
149
-161
577
300
-466
572
-757
-15
97
420
-554
-475
580
367
167
570
-681
-829
384
18
288
-589
-830
-880
71
-697
535
-634
889
144
-357
450
-933
998
-662
748
49
253
-302
-892
-795
-868
-966
-530
-230
701
14
144
-428
-73
-530
907
694
753
-148
-377
-811
-165
-824
353
-385
-93
667
287
-677
637
-308
-190
862
614
912
972
638
380
-350
-797
853
17
-153
-185
-175
-458
-408
159
202
-855
125
-170
-971
832
-270
592
35
418
-412
-237
933
129
-46
-512
994
-332
329
-518
326
-207
-790
-207
518
75
-312
-577
-780
-92
-561
291
224
532
-917
-792
-492
550
891
-186
-396
-459
-798
461
759
-896
837
-457
-366
231
-827
372
147
258
367
-499
984
-439
525
325
-307
-585
311
941
-908
-495
-922
-74
920
-342
393
-742
343
-901
-846
180
209
474
959
-754
131
570
-420
577
-861
-734
-301
-362
-569
-413
-559
226
308
82
977
-79
-258
-916
357
-394
314
-25
450
815
-546
500
821
103
-211
-7
-830
-827
-650
-838
-701
12
-766
-403
-35
17
219
12
84
62
-138
-971
126
355
-679
-822
-179
-951
-51
103
124
858
68
927
561
-402
524
-558
-582
-736
195
270
-269
-871
241
607
-555
-377
622
-163
401
25
-385
221
-166
820
91
503
678
368
-576
-672
477
-210
-673
-656
576
-726
376
927
965
-503
21
276
347
253
175
171
491
-62
616
-574
-650
-162
668
-492
365
-746
-211
340
-119
66
721
-237
28
-439
273
596
-947
-699
468
406
449
-90
307
951
659
535
545
575
-312
768
-298
-976
788
-139
-156
767
-658
292
-7
625
623
482
-83
969
-677
-367
-366
852
-878
778
-110
386
283
-895
899
107
238
-298
-204
338
-110
417
-609
-1
-944
82
477
291
818
195
-405
-576
404
-56
-198
-888
660
138
-675
115
-633
-241
281
503
820
608
-588
-312
76
561
-7
723
128
-89
532
-407
-719
-94
678
26
777
134
-700
674
-559
300
484
-166
-417
-528
761
16
647
-50
638
289
483
97
-807
824
-225
-562
964
913
496
-237
1000
464
-964
6
-207
-97
-195
889
844
-195
215
960
434
983
890
-644
553
284
694
-412
-846
-660
-770
707
182
-321
-496
749
-24
-135
43
765
-279
-65
-984
-180
-378
817
-601
-14
-270
-666
475
313
956
-822
-799
885
848
-163
859
364
-572
-831
232
41
827
608
-675
-921
-835
-921
-57
190
-110
858
533
-194
-565
197
-761
579
154
-75
323
-415
-516
-696
888
223
-295
807
-405
-586
211
-945
-691
158
163
576
170
-128
967
-564
-208
970
367
47
499
-268
756
419
-348
882
-76
237
-636
-342
-376
-438
673
628
-476
2
289
261
544
-13
-864
-236
-912
663
-935
-296
-301
871
165
-765
408
-635
123
-961
322
906
360
161
-761
-656
-484
507
425
-358
746
893
-469
-807
-319
-755
30
822
322
440
87
866
-287
469
695
-174
-51
807
-549
684
657
-664
-402
-3
-926
621
-335
945
613
-575
60
-315
671
445
-78
440
659
2
-625
218
118
-344
864
523
-978
783
-320
971
462
226
464
-831
-549
630
-423
-620
-397
-385
169
-679
513
560
-631
-734
-883
439
850
-507
482
326
-462
-603
404
592
144
141
-400
567
-708
238
615
913
595
209
-705
-11
516
392
359
-935
-487
749
774
-382
-778
-920
140
-110
-293
739
-776
789
-40
-823
-692
-444
-629
-742
311
-926
-84
-101
-563
658
121
359
-522
-114
-50
606
-199
559
-417
-302
-593
856
272
-741
-846
-914
273
-684
736
942
183
227
755
-945
-590
197
334
-429
914
-26
546
-107
-77
625
-199
753
-330
-728
-36
-306
-39
314
-55
382
229
-313
159
-287
-308
115
551
-860
616
-888
704
-191
-8
278
497
584
-426
780
754
748
-552
-586
850
223
843
306
554
-360
-546
631
-178
235
-191
-807
531
-922
475
89
-535
-742
601
-478
-398
-377
486
-724
354
-194
615
-741
-184
-487
320
-748
-192
-778
272
-620
-710
870
-436
250
-259
-143
-97
456
-403
329
929
-467
-241
161
949
523
899
225
-265
541
236
-384
844
180
525
-458
971
-327
596
-441
917
322
-106
-287
976
-89
46
-685
-923
-923
808
-62
-57
-468
-177
447
102
64
-160
-662
-209
-289
940
-999
539
810
-401
-471
217
220
527
-181
193
835
288
948
879
-946
811
694
-572
759
112
-78
323
-708
251
-519
942
-375
-449
889
-909
-632
-550
918
-805
807
-431
321
-841
342
-317
-479
204
375
-20
-937
-650
780
360
390
-668
219
-377
-773
747
451
-58
601
-220
453
337
897
-608
-632
487
-341
175
253
-797
629
-303
-664
126
147
238
783
-924
320
276
76
448
-548
291
-854
309
-799
334
-273
-533
-113
-439
-789
-250
-637
-143
450
653
-51
185
-197
-971
-239
179
-626
-926
-404
-879
907
-724
614
-388
338
-204
-614
-219
-414
227
833
-73
815
-512
711
887
-875
-527
565
-541
722
937
268
8
-395
396
202
725
-160
-6
641
-737
-805
327
771
-721
-493
-537
20
-441
-362
-312
-554
236
514
-231
938
835
-647
-25
993
-754
968
190
-237
-995
301
384
-932
-271
-936
21
-67
-977
-168
498
118
-125
639
334
-124
122
-390
237
942
-329
517
-92
-164
-684
-225
-661
862
877
195
-813
437
-671
484
704
-936
323
332
-699
115
245
-698
458
193
-838
-608
-36
834
287
-238
479
734
-735
848
156
-220
-719
360
689
-279
691
-93
599
-696
741
-499
381
539
-619
639
979
702
-139
-146
-532
430
-843
345
271
179
162
732
-669
171
-851
-519
782
-565
-109
289
547
364
407
651
861
-973
-786
140
13
-159
-301
-117
637
-472
635
-883
-65
558
24
-244
-754
536
-744
851
216
618
-466
629
-322
89
26
-254
509
328
-167
818
55
142
-871
-408
-690
211
535
192
-528
776
-40
96
-133
719
12
742
-472
146
-837
260
504
138
-592
774
-156
-964
502
-686
-62
241
776
-208
-271
-931
137
265
65
-640
759
-187
634
185
-394
537
541
-423
-570
634
546
688
-298
909
987
-937
-262
-300
-487
-74
-305
-342
405
-502
-378
809
378
-104
-233
8
744
-414
940
152
-464
697
436
400
-851
-294
499
-57
-757
355
-879
-904
315
-82
537
776
553
-743
-875
-649
572
-388
992
-149
-546
-155
-682
531
-708
-520
-291
103
-344
151
-532
415
971
-303
413
-936
874
569
983
-888
15
380
-214
996
-99
93
334
901
73
342
-524
643
894
59
-259
978
-596
525
-220
797
247
-941
146
19
-613
958
-663
889
-476
-127
-637
-487
-15
-861
-935
-886
-280
431
342
208
-196
106
868
926
315
620
107
-187
555
116
566
-419
433
382
758
-164
-753
-286
383
573
371
-275
-290
269
-54
391
754
513
-581
-990
-26
356
432
546
-648
-517
815
419
-752
175
853
370
611
233
-726
944
719
-804
-329
-55
707
556
625
896
-253
280
255
-164
64
461
853
-965
-325
-298
-742
-191
-490
763
301
282
-679
170
-995
714
65
-238
68
-777
610
198
-753
973
-691
-585
-874
405
536
-345
663
667
917
-616
432
-669
341
306
884
709
-699
745
589
357
211
671
303
388
-24
-668
810
188
-654
668
959
-37
709
-591
-922
-307
-914
-458
408
-544
752
-22
318
758
818
698
202
-539
-145
-79
42
970
-552
452
-848
-953
104
-461
-712
-450
-965
-864
419
176
153
221
-41
92
875
342
386
575
678
-13
-269
-567
-129
-696
-152
-894
820
-588
-799
-386
-50
-994
-262
-345
622
252
-915
941
612
-933
223
-904
649
35
616
-837
306
294
-678
-974
-290
3
-985
762
57
-293
111
-894
-535
893
-469
857
131
10
680
-339
441
-507
-821
173
438
404
-1000
-146
-319
46
-965
-393
182
-195
-11
40
499
979
-735
-838
170
352
-673
-992
-811
670
-344
-726
-32
-14
166
962
313
-294
-58
209
613
-174
252
-54
-556
-529
495
-673
416
-565
-302
8
-584
-808
-784
-596
-442
503
773
868
568
666
190
936
878
205
-432
-930
764
644
86
687
-217
622
882
-404
490
-411
-8
235
858
-552
-456
-569
-614
262
826
-233
908
730
-983
714
-845
230
995
-853
356
789
-748
172
171
550
-672
-572
-510
754
991
364
-382
271
-418
-184
984
-152
366
-690
-690
-183
-122
-388
114
-602
-102
-719
945
-435
916
-884
-209
473
194
-506
-184
825
251
-100
-155
333
-557
302
-137
-419
-672
-971
-570
-697
942
-865
-247
-666
973
868
615
445
-831
203
-449
-553
-271
211
26
72
243
745
-423
-428
-971
-590
-238
-593
756
190
-997
254
-720
-526
462
-210
-358
-374
596
863
794
104
951
709
741
-392
-602
-950
88
985
997
-786
-685
-364
-237
943
-878
203
260
251
680
-827
300
643
401
-765
-14
-421
-729
413
141
-52
357
-560
-709
723
-725
359
-616
-101
-73
272
858
-271
-297
425
643
650
-548
99
-404
900
262
-647
-471
-370
-411
-952
726
-356
929
-644
840
33
783
-493
-179
585
418
-888
-815
655
-581
208
-440
101
286
-223
-730
238
679
-928
-619
824
803
-302
304
-741
-857
-294
-247
441
611
-452
-524
700
787
606
459
-481
958
788
-758
181
-915
739
23
-86
232
-129
-924
-352
458
-618
-788
-33
-115
-434
-647
148
608
-493
-477
-864
700
568
-468
405
-721
698
-156
133
327
22
-484
-853
-277
-62
623
814
-18
732
-420
-36
-993
49
492
-819
62
-689
942
955
678
163
-551
-229
384
-661
-251
720
-386
-142
-343
-375
-745
539
530
639
775
-682
651
904
283
-973
-191
672
-417
884
588
761
766
-4
-706
-235
-877
-402
434
643
-479
558
561
216
620
972
-443
735
