991 730 681 -90 570 -56 751 643 700 -368 -291 -68 310 978 -599 -121 833 606 628 686 -632 579 -935 760 388 -576 -387 -89 119 -821 -806 582 858 -310 -636 -961 -643 725 -923 -207 -247 -97 -569 -290 -873 282 -381 204 -719 82 636 -362 974 424 608 882 -815 101 -985 -716 -928 -114 -581 -943 309 555 -748 835 979 -158 630 582 445 322 245 -198 -440 -535 -550 -795 782 -353 103 -540 292 719 832 56 -303 -898 -5 -887 947 -868 -205 690 -574 -938 -350 -475
-338 -515 535 -291 563 285 -44 -730 327 96 -838 -479 -455 535 346 938 839 -29 -187 689 722 -522 780 -697 367 -552 -540 879 760 -831 885 750 -141 -49 138 453 -376 157 557 898 245 -345 -673 -193 -805 -525 640 269 986 -497 917 -29 536 -781 -719 -122 387 396 -437 -976 720 828 -297 -642 -711 563 -126 789 -367 -389 8 -377 601 -330 96 809 207 -29 -277 603 522 109 -867 831 172 570 678 744 -121 -420 959 -177 -1 248 536 736 -122 -314 115 467
-816 -103 828 324 -184 -57 -498 300 863 -663 844 978 449 -829 15 561 -285 -597 686 768 -740 -742 2 842 681 796 168 -894 -210 755 741 879 -131 -667 52 -619 -94 -16 592 -387 248 -8 767 -550 247 478 -193 26 -842 -955 794 -887 -216 -113 -135 355 -273 373 330 -641 -815 338 670 -255 -820 502 -372 -269 -367 629 -583 894 448 547 -201 -268 -684 -919 595 860 -722 -171 -340 -203 -117 304 -861 65 -465 221 295 -916 473 546 -773 -353 -5 -226 -253 848
932 -224 -793 26 -298 132 1 -908 80 2 128 482 0 734 -854 844 492 25 -496 -460 424 741 14 -925 603 -284 669 95 -134 893 -541 613 -29 269 468 49 244 254 223 -487 -118 -175 -268 182 -207 -226 883 57 -639 650 709 -48 -126 -998 502 -832 947 -771 -326 -994 -843 -597 -626 -975 -186 -194 162 57 913 558 284 -898 46 -233 -107 -392 124 -357 132 568 653 959 44 731 -195 61 864 454 -466 -77 -183 411 -20 -734 421 672 948 251 -176 -408
-805 -992 -356 162 2 -938 -826 -840 -506 507 -866 -834 -241 830 517 954 199 -893 775 -206 111 -121 -259 471 212 6 -31 -95 -663 832 231 -530 -418 -767 -434 -714 -329 -727 -933 826 -641 703 -232 -953 -557 -810 -993 -677 -16 -957 -144 -554 228 787 -738 -689 348 239 379 -533 -168 -69 -585 124 -852 -705 826 -190 -343 640 419 376 143 349 225 -708 194 354 356 -713 33 -385 882 947 -91 526 984 376 -127 -369 -215 355 785 -503 -79 -703 -266 540 293 -298
-313 -937 416 -204 629 -574 -755 -580 809 54 602 -525 384 486 179 -555 -23 277 -196 -373 -765 878 -850 615 280 -98 -460 507 -898 533 -276 -656 697 455 184 479 -263 -978 913 487 -486 69 -628 -307 -328 1000 -233 791 -178 225 426 -365 389 -162 714 -403 -452 15 151 -649 757 930 -645 50 -170 -591 389 -883 117 23 -361 38 -868 -514 -37 -702 145 510 919 681 719 521 -671 -940 958 -35 472 -801 698 -157 -113 -587 -445 862 151 670 -748 -104 -87 412
-289 -808 469 382 -831 521 -697 419 446 307 872 528 -132 317 342 175 540 92 414 966 -993 -335 233 -481 -803 877 809 388 873 183 590 -491 508 -89 804 -978 463 32 157 -337 -820 208 105 113 324 156 -138 -16 -536 -597 -341 -993 913 513 -548 -742 -615 -441 960 -997 -72 -159 -595 373 -938 739 -645 435 -895 -54 112 -814 466 527 -92 -748 838 -750 980 163 -6 -227 10 -781 -339 193 537 927 804 995 -426 -52 840 398 139 -731 -879 -614 930 923
492 -924 107 -896 -624 613 988 622 897 363 -165 -997 -895 -456 757 277 426 748 590 916 189 -452 -158 618 669 -940 -31 280 -230 -528 993 -530 -133 -634 139 33 36 974 -761 -588 882 588 -513 208 127 -124 434 65 791 -113 895 -551 -818 -630 -539 -92 975 877 -642 133 -649 532 -769 -562 -960 -921 -853 47 77 -59 808 -100 -116 -229 -551 241 -453 64 497 268 10 802 271 453 -788 453 -579 -841 10 -862 665 -805 530 -738 371 -202 234 999 913 293
996 624 402 930 -127 -199 -113 -129 -106 -925 962 809 -15 471 -82 -928 -615 789 -518 762 445 702 -857 296 625 558 -757 98 471 335 -754 688 -693 437 322 922 511 -628 264 647 -488 528 69 53 -209 574 -416 33 774 501 555 65 -109 -542 -610 -687 371 416 610 645 219 -955 386 -796 611 -495 -895 162 -548 837 703 665 -516 -366 849 539 -929 -650 -868 -875 -279 950 937 -215 -670 -474 41 -80 -849 -420 -617 -932 464 -910 323 397 522 -39 171 840
489 235 -529 -948 546 -421 476 -830 -654 -829 54 -328 678 -676 -266 -697 -957 -874 -302 674 254 123 -637 -74 555 394 -752 367 -505 -324 -893 -57 -162 -798 185 -769 811 -270 -670 -351 905 -292 -751 -66 456 947 470 -195 -416 -117 -823 -498 -955 289 999 64 -991 -570 -706 -86 -688 219 652 -730 128 -770 -556 -324 65 -629 -540 545 320 -879 310 -399 -227 991 788 395 97 -234 -143 70 -615 -469 -113 775 -873 -975 -753 798 -652 -512 -476 318 638 22 976 -722
36 -176 523 252 -343 527 -375 916 95 574 530 395 -418 942 -703 214 3 -408 462 875 -821 -81 821 -288 838 -338 84 362 638 845 43 592 808 -45 -402 -42 88 499 917 495 -443 -20 160 -706 859 -484 349 524 -520 555 -287 -405 125 -990 321 156 -584 744 -575 609 340 794 -197 -887 -541 -615 -11 620 -992 -221 -542 271 973 321 -563 -149 -289 -896 723 -514 119 -259 6 738 -718 259 580 763 226 -317 184 -255 881 -748 805 804 -686 -714 -243 229
-253 817 515 -719 -994 702 167 487 -488 -651 -651 -380 348 267 -359 772 -919 -139 -13 754 -404 -840 -115 -998 726 -657 741 -348 -941 -79 914 696 -336 -529 45 713 -3 87 867 -23 679 -559 235 -212 -138 664 -430 -43 -989 -999 663 -235 -595 -796 -864 585 270 884 415 468 906 -419 -671 507 400 -958 -94 748 -581 -301 -136 516 247 563 974 -687 -167 -153 821 -291 349 138 -275 992 -860 759 279 788 732 45 130 821 387 659 511 -437 358 644 -377 420
162 422 -517 950 995 -412 -705 659 216 940 415 264 -530 -373 -279 953 -357 -835 139 665 -520 82 340 -12 725 542 -69 102 446 575 -885 437 -657 -59 456 991 -55 -228 832 740 -661 154 661 -715 -944 -351 652 -636 -296 -181 -277 515 -177 -504 544 -928 -902 -717 -567 201 724 459 -151 -488 -873 230 -126 884 998 -441 241 92 -975 -329 -257 -979 -150 69 251 723 782 -147 918 -990 -748 -629 -317 236 -738 -258 802 391 57 -293 225 -371 -689 -427 -26 909
249 293 -780 5 282 -9 -55 -581 40 246 415 -220 7 -436 11 -523 491 -893 552 -731 -823 515 -563 406 821 575 -613 -982 -454 50 195 227 401 798 -957 161 -761 -258 -530 886 -623 237 -982 903 -307 785 -394 -493 587 324 -952 833 242 827 257 165 152 146 -98 179 -867 -755 99 505 -441 923 73 472 -71 881 -481 338 485 517 32 -113 135 810 -845 258 169 342 -899 -57 -832 286 675 518 128 -413 106 -93 -906 405 -199 693 538 261 886 -891
-836 351 918 -294 -731 -929 -630 445 -592 267 -100 573 -190 179 -288 802 -879 912 406 361 123 25 -388 778 -779 381 -668 -115 -860 -399 -519 -576 -76 -716 566 449 -216 225 180 831 -655 879 -705 178 327 -129 -343 -313 -660 732 -372 -666 -262 -825 743 727 656 -45 -960 -778 -725 -27 -741 -49 -860 0 -741 -809 -293 -713 -137 705 -720 859 623 -96 -543 610 611 -9 874 -735 -349 -150 941 621 99 993 202 28 968 -177 -640 709 958 -209 409 340 -535 903
-596 475 -199 -223 350 913 293 -535 -770 809 -760 302 -78 692 -316 174 576 -378 23 711 446 877 79 743 -247 -800 -584 964 745 -15 70 84 894 744 -930 -516 -268 356 -957 812 -496 660 -930 -612 242 170 -947 -416 198 -778 -521 789 111 704 -636 -731 -971 -781 -998 -835 21 -360 620 -94 763 -437 391 -280 -48 602 -752 870 -930 63 -210 -686 550 752 -409 990 -222 788 774 -716 -467 -446 -185 884 -201 -568 617 179 -495 568 -124 -749 -800 -638 693 216
335 -502 -569 -516 -641 -672 -608 -333 -527 -681 -625 -999 453 634 365 -79 -686 -725 -145 247 347 932 -588 -788 202 821 721 857 -214 -546 -687 276 94 -336 270 540 -827 190 -51 995 299 696 64 -45 121 -396 868 25 656 573 -543 -464 -416 -750 403 955 -345 -987 -811 93 -284 -186 699 752 939 -786 -985 -82 -249 310 -818 -943 -236 -183 -155 -196 -342 -432 -802 102 561 763 433 654 -265 -874 -581 184 -136 -994 -988 162 97 -539 -187 -176 439 708 -591 -231
-227 163 570 -783 -783 850 -365 659 200 20 -711 44 -861 -606 -240 394 -64 910 -866 -567 -402 -490 -380 793 850 842 -171 -728 -492 453 961 431 365 -428 -234 -255 343 579 -305 -49 458 189 -511 437 -391 679 -698 555 -70 -183 967 -859 -694 -554 -415 523 579 -329 -285 -577 325 -451 725 -524 717 107 618 -961 -475 -715 374 -163 407 69 -206 885 451 913 -74 559 924 530 619 657 563 894 -755 744 -234 -268 -221 -237 323 885 -576 -535 932 864 613 410
-759 -51 150 198 -567 -438 -493 -772 945 -780 -881 724 143 627 731 687 439 328 57 -518 268 -703 473 -832 774 -241 -219 -131 -16 -723 274 38 -296 -783 858 238 -944 -575 -79 -493 -200 -989 488 -612 -457 8 -688 196 -223 -385 -859 380 -388 781 59 -776 985 -280 809 416 186 623 -332 146 473 -790 289 -151 316 970 430 473 632 451 257 -40 -303 10 -686 23 167 -519 803 694 -722 410 434 -91 859 -683 714 -794 758 525 554 -294 -42 -38 403 -419
379 -53 -374 30 720 665 -4 482 -574 -964 -201 -926 -989 103 363 -929 90 -306 453 670 960 -166 192 666 -736 286 918 300 252 287 908 196 280 -349 759 109 -413 375 368 -10 -71 283 352 -768 -367 -499 -205 592 -467 -469 -731 -396 -911 -349 -934 634 -897 883 940 390 464 349 698 181 -447 621 371 -545 -900 160 -877 360 -862 226 -509 -858 -541 -635 -814 942 235 976 516 258 -288 141 -533 462 -975 -690 -135 -81 267 72 699 226 875 863 278 880
-164 487 -605 -412 -515 -335 -510 -493 -106 -609 -532 -603 842 951 489 -491 743 420 -909 -835 -798 685 9 -481 194 -742 -326 299 -486 66 -230 289 -253 -526 893 373 -368 -863 -606 572 -134 713 874 -954 238 475 481 -23 391 455 -127 910 -444 540 -839 -126 -77 -146 -996 -857 28 -956 -608 838 -581 -598 523 -46 -660 -752 831 -294 467 -865 -41 -690 -980 723 -369 257 -675 775 902 908 -346 82 -223 -277 28 -775 -433 -590 735 -826 276 806 -965 -671 445 -150
-529 -448 499 -9 -413 704 -980 426 -223 -309 578 -460 924 -788 701 30 97 -790 -804 195 -198 -810 704 -431 304 905 -517 -457 -828 973 669 488 843 349 -817 -731 -268 -895 728 382 -148 869 514 136 33 202 -6 76 256 -124 -877 557 -182 651 -545 -280 -72 178 -183 -700 -311 580 295 62 -95 213 -216 109 -458 -10 -892 -828 -352 -86 369 893 702 695 342 177 -89 138 -915 587 -406 257 607 -617 771 -327 743 -594 -178 59 823 -700 409 880 753 -345
-968 -322 -804 199 -361 -714 74 980 -883 855 775 -143 106 -669 200 -129 614 57 -387 -252 731 -163 -664 434 -587 380 -653 216 420 -820 888 -302 977 683 290 -643 -67 -618 725 686 253 629 822 704 405 259 -838 383 924 149 -968 553 247 662 843 251 -68 290 -287 495 -80 877 496 223 895 78 -338 -175 818 -412 -531 440 -198 185 438 -783 -781 95 615 541 279 552 782 -319 -201 52 -421 959 -983 -120 -329 -353 817 -606 569 399 527 668 -405 361
-382 -611 70 60 -787 -817 138 -343 -936 28 -627 798 -114 488 468 -918 139 386 -892 850 770 224 -922 -683 275 773 62 -222 578 579 -1000 -232 580 -851 -964 869 -558 -202 -42 161 -861 -385 986 -526 -543 -433 -499 -969 666 858 -471 -182 455 -569 227 -853 963 -39 -886 372 414 814 -8 950 -42 128 648 203 71 -284 675 -857 -487 -986 -209 627 114 -187 11 -146 -566 636 -447 -861 151 -416 895 517 -650 930 -267 -164 -864 186 137 -15 240 -621 -647 -196
476 248 245 -806 852 -481 561 123 -502 -340 -357 -946 -761 -489 537 -860 -355 604 243 -355 157 305 -94 -114 464 865 -968 683 -999 679 -312 -114 914 -233 538 -484 722 99 -82 482 -965 -701 -967 -566 324 323 87 -621 -44 -430 -689 676 832 65 46 -178 -331 19 490 780 603 -321 -66 9 269 238 -721 -371 836 -646 -694 -332 -753 886 -5 -82 -204 965 -556 70 -906 199 644 848 -945 714 744 88 -943 899 -163 -779 211 -409 -391 888 -253 -900 -811 -661
-958 -90 -697 764 -524 -53 993 -699 809 -179 -233 -729 627 -941 -284 131 -900 -827 463 -840 -964 632 -442 36 -109 412 -842 -651 281 -276 899 -686 -948 -851 409 121 152 -362 -256 834 -499 379 -40 808 272 -993 -813 -60 -845 -412 -67 -190 -21 -690 574 729 -13 -753 310 -850 368 -709 25 -797 -107 -32 -636 -427 -593 -587 -712 -922 -14 -304 -7 695 510 546 692 956 7 832 41 31 212 -205 -278 -14 -465 310 -666 690 106 888 -317 498 -920 -135 123 483
-293 -946 382 422 137 675 -743 179 -973 550 -444 -566 -753 -630 417 -473 -121 -12 673 -713 -162 444 770 419 397 393 -40 -170 -727 -555 -64 996 -81 -836 -855 -968 708 247 -579 -618 -874 -390 -248 236 326 128 712 -149 363 462 721 369 -745 -934 -43 -140 -547 229 635 271 67 -948 -259 143 -564 114 319 574 177 785 -203 459 -116 -657 -460 -663 -887 625 907 484 187 -393 611 864 212 203 -463 -471 399 694 -763 -981 -389 97 -268 844 -789 163 699 -421
844 91 -412 340 -206 920 -389 -689 683 -657 182 180 577 -25 227 303 -233 836 -972 -91 141 -163 -325 875 476 -981 -841 -54 -137 -568 150 81 -421 182 242 59 -790 229 673 -420 -194 -547 735 -927 -193 -118 -443 415 -604 -245 -482 143 -634 -384 76 -342 -991 679 627 378 931 165 270 -860 885 126 -468 83 956 -315 25 773 -127 625 63 -114 -314 -703 743 -900 532 794 12 -496 85 -780 721 -3 15 938 -162 -485 802 994 859 -689 -788 358 67 -713
-893 -835 -94 -979 580 312 132 995 853 -293 -408 -491 181 806 376 131 -174 -328 -289 -647 977 -730 3 903 325 -682 452 995 775 357 -208 -74 -972 933 -255 982 -27 720 -696 -507 674 -204 769 540 -928 644 957 -166 -238 -702 134 72 -861 393 157 268 48 150 749 -859 775 -929 927 547 913 -2 -957 -692 -565 -130 -827 190 -586 301 -391 -402 774 688 891 133 -268 432 363 -595 -257 -79 33 721 622 -824 484 -246 -356 229 533 -844 -931 -982 252 614
515 722 -514 -245 -335 224 -334 226 -566 517 -639 945 -359 578 2 35 -835 938 -418 -867 70 133 -183 -883 768 -424 -464 -235 -637 -585 262 926 614 -405 -357 -701 -545 -439 378 969 -78 -482 304 922 533 127 298 776 901 -497 -80 -467 -859 -393 156 456 867 995 526 702 449 413 -132 409 895 858 -13 921 -772 -15 276 301 32 -718 133 96 -404 -368 334 450 863 -369 -681 -588 964 -393 520 53 580 -138 372 31 -206 230 -878 -657 -836 -35 13 465
993 50 -602 966 -593 -976 -245 276 -291 372 264 -59 -613 596 -170 7 620 692 117 -354 112 752 -270 -614 912 646 831 -285 -352 -8 404 669 308 481 296 -196 635 958 340 -571 -229 -467 594 41 634 162 -487 -723 449 139 865 -43 257 416 -930 -754 -628 -673 716 25 -174 -54 140 925 -790 761 681 726 -487 601 -913 360 853 901 -955 -890 745 -954 140 285 229 765 517 516 141 -896 -855 713 196 56 587 -436 642 77 869 876 -114 387 275 -72
-980 353 580 898 -898 -852 678 -239 478 406 531 -445 -201 495 24 -790 55 900 191 424 -991 15 -411 -1 -191 -940 215 900 206 0 139 -309 687 373 -295 -111 -514 -123 -238 946 952 173 -47 120 -56 -170 -63 -811 -558 -495 -927 283 501 -174 432 -500 -564 685 -873 636 52 -229 72 -343 -774 -169 -781 -509 -292 -743 -364 902 820 -460 -942 -236 335 298 937 186 -251 -422 239 -929 -211 649 336 -168 -738 -643 -831 365 813 374 452 -465 -333 -171 778 -668
-968 870 -115 756 -149 -756 -455 -584 -969 946 800 -789 -377 -200 592 -216 -100 -240 -835 -672 513 729 -939 -781 258 884 -196 -208 -880 120 480 21 657 -167 -648 -978 -541 -776 -863 -487 -898 581 459 -175 871 -79 -911 -748 -823 -116 719 -227 824 103 193 -9 644 -407 831 -558 -495 -227 -76 870 -308 666 -681 51 901 -218 -419 -258 -130 416 -313 -41 -396 -288 725 623 -271 -41 -334 371 650 66 -930 -576 97 927 -941 -90 -16 -876 753 -936 807 -525 103 632
514 413 -945 736 -971 586 714 917 204 672 -928 618 106 -196 171 47 -341 413 635 -835 982 94 -252 -861 875 662 -92 -411 -347 165 -3 566 302 152 858 -617 -457 742 372 -328 -458 140 -942 721 -767 -775 506 580 376 263 -995 799 -633 422 -219 -37 -530 -968 332 -757 757 -287 -590 -56 -959 -965 2 -146 455 189 828 -992 -415 -833 941 371 660 -874 -603 -695 640 20 575 -613 476 -255 230 -14 788 590 204 130 255 787 -374 489 601 -190 397 323
309 574 -764 -11 -504 740 806 704 81 -128 -833 606 328 -556 -419 914 -779 -609 259 951 -311 51 -194 398 -817 -402 162 -934 -832 -552 -431 427 149 442 -492 162 -690 -670 99 440 -240 -153 887 -696 973 87 -625 504 -627 277 8 -300 143 -847 -944 656 942 -112 -147 132 971 653 -241 -391 462 350 -772 -391 696 -83 -992 716 389 738 110 421 977 -281 428 -568 -510 -378 -782 -694 -544 -73 -370 -580 -330 710 -719 673 952 210 -443 288 615 417 -703 -769
647 400 346 494 -889 -527 458 532 -185 180 394 -193 383 -427 441 54 -385 -478 646 -90 321 -945 -216 -472 409 333 -250 260 442 -603 -483 763 888 -463 678 885 -525 145 -298 979 -391 -384 229 -830 -100 -135 206 -913 -323 -671 510 -189 205 812 -964 150 -740 992 -671 -467 522 -850 935 -788 -372 -708 -595 -175 827 644 30 317 -150 916 571 616 115 95 245 650 -360 -242 -30 692 492 933 -992 171 690 -401 550 -600 -719 -63 -78 -880 -375 374 -848 869
-396 168 -181 82 -62 265 -513 -663 -573 -930 898 726 834 414 56 -760 607 -917 -896 -90 145 223 0 943 -67 -682 -359 953 998 120 28 395 -950 827 652 918 443 -612 675 652 502 353 918 705 -671 107 -459 675 -477 -5 622 -280 -515 747 -850 856 -145 -36 255 380 -554 -215 -621 -434 -463 726 -129 -241 -654 -925 -282 -94 -636 860 -400 866 -779 -288 204 -321 657 -755 279 -978 -643 360 -478 15 -710 752 268 827 643 -182 552 -675 -1 -724 -736 -838
278 -745 -549 778 -857 -756 -49 876 551 760 616 -560 -244 606 958 -389 -293 637 -50 487 930 821 -240 -710 -718 -229 -343 258 -639 259 -270 154 -789 -276 -1000 -725 -595 -366 -534 378 -730 -562 -754 95 -927 -415 686 -477 -788 600 -994 269 -537 -259 797 7 34 -757 -381 795 -604 841 931 -80 509 419 445 253 -996 328 -703 -938 110 -215 -794 321 -527 165 761 590 824 -96 -988 -782 1 795 -139 -256 -32 138 391 -979 -789 744 589 -327 940 -373 -124 494
-252 317 -394 58 -805 298 -981 996 178 886 524 510 533 33 -761 -35 -662 269 538 -478 862 491 285 -138 587 619 80 10 17 615 647 -921 532 -176 243 978 124 -817 -563 -236 -732 61 -898 726 12 447 260 194 306 482 -717 -988 205 -716 171 -951 431 -339 -281 -107 396 215 -819 254 -129 205 -560 -781 975 261 -382 899 -397 802 489 903 642 405 644 -707 -53 868 531 -585 471 -398 -498 -179 -957 667 245 806 482 -927 680 -457 89 -144 557 -102
-963 62 -324 -532 -938 -82 -901 -263 297 -220 78 776 -450 -358 -720 -470 -713 -183 -747 -44 -524 -397 796 906 301 964 -159 -385 -317 -22 537 -836 -822 928 -436 887 -589 -406 430 -977 -23 -659 75 448 -932 896 -682 -244 740 -228 -122 -437 -112 -156 -70 -200 -125 -852 -265 953 185 -446 -699 -540 576 -343 -375 823 -544 535 124 -621 495 513 -793 406 254 88 743 368 130 217 53 718 586 -580 274 -354 -443 795 -115 193 453 293 684 941 -175 -544 -553 624
-771 247 -991 98 286 881 996 36 608 -301 -516 -532 -876 -676 -880 -834 -722 56 -331 189 419 138 -856 729 -395 -845 -984 -228 -73 196 -390 652 -294 -234 496 133 879 328 40 -990 627 -465 -19 49 758 591 748 -505 -902 71 -682 -521 -750 -579 -160 -207 -161 -404 -91 947 -238 -549 -181 -750 -858 -271 -862 559 -845 176 460 509 607 785 -881 832 -120 -348 520 -598 -74 -193 855 746 -73 -738 -15 492 -647 -887 670 -377 364 330 -847 917 -958 851 306 -541
996 953 295 128 -207 118 767 699 1000 -981 238 853 171 -565 225 325 -316 -754 -149 -711 468 -434 -955 -745 517 209 882 946 -39 -114 716 826 -736 -308 461 364 -430 -868 101 -253 294 -819 333 -71 429 285 792 913 591 -774 -969 10 15 761 57 31 711 961 437 -848 342 -260 807 -858 -449 991 -493 214 -832 750 641 629 -459 -949 826 -366 -276 621 -241 -119 -574 -730 246 -239 707 -823 -301 -685 -638 -92 -605 74 -740 -581 -458 -362 -638 -872 -923 -808
761 -68 -8 431 226 452 462 -460 -297 -328 -537 -624 272 851 50 -247 -755 -892 -404 843 -65 -560 -701 207 -736 -927 585 344 977 -782 32 480 863 -59 959 -98 529 522 762 -767 -366 693 293 -118 234 682 15 625 -32 269 147 -532 327 -540 105 -999 -992 -862 -744 -451 729 818 -731 703 -965 -877 -976 2 132 269 -165 -26 -491 93 -18 155 -915 125 467 123 985 -337 496 845 -27 -38 -593 -226 656 -649 357 -358 473 697 65 -98 136 382 -951 243
188 458 183 929 -4 -892 446 546 570 946 -812 -26 886 724 -548 941 358 -102 -45 -907 201 -529 -471 -652 404 675 628 -375 -676 -880 -850 -162 88 337 -856 -617 -777 -956 -354 -130 -702 -760 786 559 100 900 -463 319 -438 -388 -616 765 -787 -640 -811 221 812 689 166 -963 -927 927 125 -78 -409 -801 -450 634 -681 -558 380 -228 -739 -381 239 719 856 -298 571 -707 -974 -399 -104 -351 468 -952 96 840 458 -708 -471 -18 -119 -910 -762 792 -835 179 241 -508
-632 -241 -797 -496 249 992 617 176 -931 438 248 195 -241 872 553 -900 59 -691 12 143 35 -370 -637 -848 -844 777 -614 636 -234 398 979 264 735 250 -642 602 -347 -43 754 233 388 784 -645 -682 -587 342 -347 532 935 279 -486 -974 183 -419 -427 825 108 -946 -906 -203 51 -529 352 304 -884 -198 841 -247 4 -7 -307 -675 286 753 -838 -404 755 -137 -683 750 -68 762 -112 -879 -665 -593 -531 -121 -488 -620 175 30 373 899 390 965 -359 910 -501 -159
603 -581 -300 -565 -799 251 187 441 243 528 -311 -571 -378 -720 564 815 -608 -234 106 903 -225 -51 528 -860 -654 203 860 -177 567 771 888 -824 235 -312 464 -994 -103 321 -916 -562 831 -397 -91 809 83 -946 -459 -394 844 -786 712 568 770 64 732 -620 970 -587 -637 543 368 -783 -128 292 -120 938 -92 -867 -265 -496 -467 678 -183 596 852 -778 885 544 222 -26 -940 968 463 931 -333 -869 752 364 511 -540 -772 -645 323 643 796 -925 -656 412 526 -48
-216 42 -385 -884 -493 -84 325 -700 989 -890 -661 -919 22 515 456 275 191 -363 457 419 -677 955 -128 -299 839 932 513 -652 808 573 -745 930 848 -345 -70 -298 -347 383 788 557 -537 -601 -210 -310 287 -998 897 -319 -879 -309 -172 -585 -917 736 -319 9 -62 566 -502 -31 -458 623 -987 804 172 -464 434 -883 539 -666 710 142 808 425 -616 769 658 571 521 476 578 146 212 -721 420 -364 -880 232 702 282 -683 259 310 -103 418 -189 -791 721 -287 -169
264 -924 -489 -79 535 530 -367 -711 572 80 429 -330 44 496 -241 -330 603 -931 478 -519 -558 822 -515 -371 713 898 220 -95 983 777 -796 388 -372 -989 91 905 160 -910 -990 911 449 705 -855 -301 722 -620 346 -436 -893 -757 78 23 -489 162 -839 -25 307 131 -714 -194 395 100 -638 963 -846 575 170 522 217 619 -464 -839 516 -502 -236 159 494 863 68 -464 308 862 425 200 -486 553 207 19 133 779 727 -848 -593 -310 -724 442 775 -362 -684 750
-248 -955 97 -458 885 463 -726 683 -156 740 -765 -36 967 -432 -501 -604 -705 -680 898 -430 -786 -437 -631 -969 366 773 -951 563 -578 810 150 428 31 -5 366 487 610 -991 -326 686 -409 -448 -502 -628 -658 660 -211 673 -642 828 -130 966 743 445 182 -755 769 719 -680 -148 -429 840 505 63 865 -877 -889 706 438 -84 -977 535 896 72 268 118 -506 643 998 -695 742 313 -323 103 384 106 378 -633 -425 -345 637 213 -737 652 385 132 -468 -792 482 148
934 253 64 939 -366 1000 580 672 43 449 296 -457 -493 806 -341 -445 931 960 -106 393 572 -485 -376 -310 -876 543 -988 -797 918 -841 29 852 -762 -864 952 639 897 77 259 -695 868 -840 -272 -951 294 807 635 56 782 516 952 -766 -764 984 -9 -914 666 -310 956 6 -750 -799 943 -330 -407 916 -704 42 -226 -987 12 -308 835 -500 -538 -302 531 -535 269 167 202 -101 -117 -499 380 -298 -58 -792 574 -386 -411 373 -979 -859 -444 -475 126 -504 -966 405
-150 909 193 -944 433 -856 -20 79 209 -379 876 815 -841 88 942 -351 -366 -17 803 -12 -723 -617 992 -357 551 574 847 -633 376 322 981 241 558 -299 -371 861 553 -940 -417 -893 -413 131 233 -819 -832 -726 -167 -995 -361 497 477 -554 -365 680 -611 -547 -753 833 781 677 -428 200 70 -432 943 -69 -849 77 -287 299 -525 -329 -928 -617 -163 -539 -793 -708 -513 -748 77 961 -994 836 -744 589 -937 437 -929 832 602 -864 -589 185 -622 -595 772 778 347 187
-357 -753 -452 -418 -113 -543 941 808 289 831 -240 212 -651 253 -856 -961 930 842 -971 537 -580 -547 625 991 -369 -770 -650 -523 -679 -889 573 982 387 496 -514 -400 -467 809 907 787 -372 344 86 -967 -794 404 68 989 389 982 -448 -853 -451 192 612 440 -804 361 276 -296 805 -239 522 670 -152 922 408 -986 117 -410 -270 -518 446 -861 311 809 620 -492 839 116 167 -609 377 -558 -417 -75 -317 458 -301 -248 321 654 -268 648 912 -171 439 838 -248 -400
752 168 -406 189 686 980 -771 749 -885 338 960 631 908 857 -786 -498 -648 -368 256 -616 -967 26 670 -167 -310 222 349 -543 742 631 -460 865 164 408 -633 282 -276 934 -841 703 590 -901 -265 -645 840 -510 69 762 -245 -955 621 840 -596 902 -870 74 -582 917 -246 -843 -216 -831 932 -886 745 -173 207 -700 123 -615 -666 -456 -452 421 713 45 -636 850 -216 -28 -392 -593 -906 -546 -580 969 -882 -612 312 -62 362 857 780 -567 -593 526 -158 -628 -527 542
-496 941 749 603 892 49 401 -403 -378 6 -681 324 258 29 255 -179 -754 -466 -455 965 570 220 735 -444 356 283 571 -172 -834 -356 264 221 347 -327 -905 531 -667 93 -18 444 250 889 -200 744 -703 -137 -635 -981 699 931 -677 -106 -833 -634 -313 -593 -563 -907 -961 140 95 378 34 722 390 -970 613 -92 728 -716 -144 -517 927 873 731 348 455 239 824 837 -905 59 -19 -537 813 327 -39 555 111 -753 -739 -468 -676 401 -841 -186 -717 230 -729 642
427 290 -95 331 708 -306 -872 -803 59 793 805 -768 -146 987 -638 894 -112 796 -312 972 -259 804 -231 -102 902 700 853 200 -443 -105 760 -662 952 -524 -854 -609 -292 973 937 23 -437 733 647 -602 -473 -905 -759 285 -915 -341 -485 317 -683 -405 -238 477 -338 33 -914 532 294 -942 -140 -226 778 186 -971 554 -336 346 -339 -866 545 694 341 565 132 -507 746 525 700 -954 880 -782 504 496 641 -143 -533 -301 -589 290 -603 817 -315 801 63 -577 -930 254
-625 -409 176 143 527 -462 -930 -961 865 -97 -190 259 378 -676 906 -950 853 -314 -451 -378 -590 -880 733 215 -516 -572 149 -149 350 -919 33 -569 375 -191 -363 -372 -767 -964 888 33 991 691 -618 672 -49 305 540 -329 -839 -550 286 326 762 -104 381 -665 -224 -453 384 -706 -180 417 401 -589 768 746 -890 -185 871 165 -998 -868 -870 -88 -827 -279 -617 -806 -962 -366 -318 904 965 812 691 -553 467 -283 -707 -980 -949 -818 -686 700 346 902 511 356 48 -317
386 736 -850 12 -393 948 168 -965 294 -434 980 514 -261 830 136 410 40 -447 637 -250 122 -82 741 -420 -444 -172 -674 208 142 -737 274 128 -667 541 319 -727 -445 -362 469 336 198 -695 -246 413 196 109 92 -29 -30 -708 -725 -917 938 -981 168 -814 -635 -201 126 -557 -203 665 -233 647 -736 561 516 487 747 11 75 -641 243 -709 278 356 869 2 874 354 -927 425 962 -794 827 -279 -934 991 0 -320 -772 517 -945 998 536 797 467 544 332 -881
501 -916 649 -457 -107 -394 -798 539 -601 -964 -209 -248 -411 684 45 -450 349 361 -557 164 339 -634 -879 -639 172 -953 -506 -373 773 -448 120 -503 348 -636 303 -648 -360 -61 570 140 -486 -512 694 -516 1 511 965 -457 978 1 -857 -555 -47 -757 -403 -329 -790 215 -825 694 517 674 476 289 -346 288 -93 -615 -516 -990 157 241 -71 -94 906 -898 815 -440 918 -158 -469 -805 632 995 218 -692 -916 -288 -307 -858 -654 -543 537 -319 -332 -537 -759 17 362 475
555 173 -563 -777 -611 436 -180 -919 308 -655 758 -497 797 -923 -347 157 -781 378 -61 528 -771 -27 221 431 653 -680 -604 92 574 717 49 -789 -791 918 -530 548 904 657 474 844 426 -56 -14 -167 -290 -837 -271 140 -397 -674 -529 344 629 -643 -583 -847 -543 -371 -367 -97 -725 347 -127 362 50 871 724 235 -666 622 -382 565 993 -589 -424 295 -814 -661 329 933 -437 -65 361 -157 -65 57 696 153 -29 -88 -315 -220 -628 -665 591 -880 -295 -327 -929 -403
81 -787 -430 -330 306 -785 -87 -87 170 -704 -185 -218 230 680 419 -961 -816 348 767 530 983 952 183 -560 437 -179 -5 784 -255 716 797 147 365 397 -670 185 -200 111 739 966 792 904 632 909 -517 785 -459 26 598 -495 -211 401 -791 -281 490 941 -291 943 -620 972 -305 528 307 611 958 -829 588 113 -878 -46 -986 202 -260 -493 -578 -718 -806 550 -268 4 -565 -824 25 935 -605 -41 -554 -251 155 -857 -445 -809 505 -746 440 -965 -547 876 -401 -638
698 566 457 -465 -325 -89 961 -958 -875 -908 80 146 360 155 -217 865 853 -383 761 -66 -121 83 -298 -56 361 -111 297 173 108 680 984 -141 381 -292 147 775 -762 -147 207 -887 754 5 253 -233 798 -117 346 856 904 -41 -116 -912 -110 -963 510 -994 -503 -609 -972 -716 -314 897 176 943 310 -498 -795 289 966 -295 -400 848 429 693 900 -615 998 -730 -304 368 -181 -662 957 -559 -1000 -79 -365 502 15 498 388 681 484 647 -788 291 855 153 -743 193
434 -134 -477 -801 -674 -290 -147 -985 920 458 -782 160 775 -119 384 908 -134 846 441 0 909 280 -398 -19 -947 47 -444 -552 885 -757 383 -290 -557 -853 1 -839 -965 813 578 -552 405 113 -593 445 402 466 -203 849 992 185 626 726 -261 929 -867 216 392 -694 -766 -785 -968 -58 -912 -766 685 -770 215 527 -806 367 854 -221 -15 699 -550 -287 -407 440 -821 504 116 -303 610 41 -673 476 -67 -855 646 818 895 981 -150 -867 -43 -601 446 966 -110 398
720 517 -520 332 -323 609 178 237 -560 490 -767 506 -396 -715 520 -655 571 -563 -91 418 35 756 406 -476 -349 733 -527 853 -536 352 798 -889 574 781 -693 -931 -654 310 -754 334 -612 -580 -989 -569 342 835 -356 280 -91 -338 -33 -558 161 979 659 562 658 768 -547 106 226 405 665 980 31 587 282 -563 -910 -89 -451 -497 615 980 703 -805 171 571 -835 -697 558 247 271 548 -368 -376 -683 213 234 -697 -832 556 -246 398 585 -639 -749 917 -230 -403
963 -708 162 -835 474 -277 870 -832 -625 510 273 -99 -334 816 394 -834 -527 -802 -123 -86 -752 -686 251 -931 -388 802 231 935 634 18 446 -271 -726 -775 956 13 282 493 -251 -196 960 805 -795 -777 491 364 67 224 -73 -227 -637 275 166 -708 878 -122 -463 -729 744 -7 228 419 -492 735 -808 -863 -911 923 117 639 -212 -452 -45 838 -413 765 -750 -590 496 -116 -641 -216 -543 -899 -793 114 134 -170 682 35 -628 -238 -173 -326 942 788 888 808 621 -767
926 -32 495 -361 -858 565 -518 651 449 -866 46 -771 672 -341 794 -74 965 284 -314 -762 -213 566 -92 355 323 -627 -110 -737 -4 52 -46 -31 -865 273 -857 168 3 40 -959 35 459 186 313 -719 986 858 -546 -195 385 36 -884 241 462 -989 379 -268 325 963 766 -689 -433 -709 303 771 651 950 857 -152 596 -767 -497 -357 16 793 142 392 -423 156 -997 620 373 -144 352 -852 -844 -885 49 -962 776 -540 498 711 -308 -252 450 -501 -714 612 150 -399
336 -4 -454 171 -184 388 627 206 -185 776 -925 -969 -710 685 -694 -992 -819 -647 -292 719 -942 722 -113 -141 -243 -426 -860 692 -485 -878 725 -291 -173 704 -227 -161 -173 -276 -539 889 -153 844 635 540 548 661 648 -41 736 -673 -246 -979 68 -561 405 -339 -912 767 401 81 -520 334 -247 -641 -900 -737 -411 -986 922 -175 429 155 974 472 676 -434 -692 -424 233 811 437 933 -933 446 449 -664 814 -876 -427 2 -552 -616 -696 859 -624 -852 574 624 -309 -887
-443 405 186 -815 -845 -635 -794 -132 -660 176 -87 108 603 -60 364 54 697 -932 -474 -314 -793 506 -538 -340 -723 -812 658 88 -368 790 137 -509 943 -302 -916 480 114 767 -661 -413 -15 -643 752 67 -603 404 667 -492 -315 -624 106 -596 141 -458 -428 -88 -859 -394 433 686 521 840 -76 -720 -158 376 136 649 564 -211 927 -526 -580 150 286 22 119 631 711 320 430 76 915 651 871 -452 169 -677 -411 809 -381 333 355 -631 418 424 37 -485 186 176
-581 -453 -557 -991 -581 -911 -306 333 -716 182 -283 -998 -667 -650 97 374 340 -273 749 887 -45 556 768 10 844 -901 267 604 252 581 -553 608 -957 296 -116 -836 -796 810 60 228 -564 326 -490 805 -989 -446 95 836 55 730 926 741 624 -5 670 -154 -996 329 426 -131 -982 884 424 -151 476 796 -536 -934 -426 849 -61 360 -784 -750 938 -306 568 -339 415 -99 239 -188 -743 946 -113 967 -96 -370 878 912 253 -867 397 158 317 711 615 304 682 -193
-612 -919 967 859 -297 -870 804 -207 -226 21 -17 -408 -33 -576 816 727 -472 526 -503 813 599 -625 798 -867 -349 997 -639 812 -985 348 -267 -94 277 -846 -5 -256 10 -982 -369 562 20 -599 662 -203 574 964 593 449 -836 169 379 -510 -730 -364 350 -985 -639 429 353 253 -902 -546 -921 -516 -940 -693 187 -459 987 -129 673 55 -39 -45 983 937 730 -951 -745 954 -783 -639 -158 469 938 581 -462 -474 -514 -937 846 -118 729 -841 658 703 371 454 392 -923
546 599 -234 -846 -690 -217 -696 945 468 -526 321 838 206 -233 12 559 -974 -202 -296 143 -604 483 -113 -563 -931 488 -120 287 741 -182 -887 -990 543 -1000 241 -979 -371 270 800 80 892 -887 693 -413 -400 921 -496 400 -981 416 -576 657 839 -598 545 -180 442 805 -302 -248 -356 137 -703 829 185 518 621 -765 887 981 588 795 886 807 -415 979 -532 552 -872 -516 585 406 -183 642 114 -967 -992 367 853 608 -814 561 -12 -856 -31 413 -492 968 -379 -348
89 123 908 -324 438 729 79 592 765 -295 -655 -933 642 325 -670 887 579 518 -316 870 683 -854 -280 333 20 466 -1000 560 -153 -350 -666 873 -477 -698 -564 808 405 -915 112 -598 672 -903 47 298 184 -125 -575 267 40 217 950 -711 -921 -41 -581 -265 -501 -702 668 306 51 -396 -887 -406 98 -929 -815 -201 365 826 801 -999 222 545 -884 293 300 88 -919 -783 903 -699 558 -913 -45 -617 -163 -759 -976 -742 276 336 -560 961 -849 -757 185 166 637 78
-804 -105 -609 -854 -670 487 -880 -997 -236 -772 -10 157 954 -680 -337 -164 -560 269 -630 71 -757 686 614 308 -137 521 974 53 -589 981 -474 -894 602 -534 625 241 609 337 -776 -687 696 126 73 -658 723 -258 363 637 -895 -92 161 989 460 -139 -62 -283 -218 -33 900 326 578 -287 316 510 -809 -993 49 -236 -14 445 681 -277 468 -279 22 -366 -652 330 422 35 23 293 -970 148 209 273 824 410 -62 423 -486 671 362 906 -887 509 610 884 -553 33
-75 138 -949 -781 -85 378 467 -464 374 269 644 -496 -469 -834 577 -118 925 -31 -732 -773 -868 -824 -51 184 130 243 971 -164 816 -749 675 184 302 249 470 -980 -999 -845 -497 -412 642 466 930 -584 -358 -372 -589 953 405 -231 536 6 180 496 -43 -162 302 906 -698 -434 -774 109 -891 378 221 -352 -108 -777 -725 174 -308 -712 38 -915 -816 -450 -230 648 -62 940 -471 -10 555 -651 -99 -808 -413 -173 541 983 -141 446 -325 -168 -560 -576 -4 475 526 -916
-916 149 449 -565 353 443 -863 -61 -274 97 829 507 268 378 -832 -716 -823 -917 -468 -441 998 -896 571 769 -346 -707 -505 634 -689 428 249 552 -840 21 -301 647 -513 651 -661 -252 301 -78 -425 -373 -210 -250 282 -94 182 157 778 -249 -875 732 68 871 -395 358 616 -798 -189 335 777 -308 936 -693 -318 -413 -408 125 362 -962 -540 -575 -675 -270 -373 642 633 -186 -377 -69 742 -526 -289 906 -772 118 619 948 -854 -265 -443 -75 -808 -197 -493 127 453 -601
-377 -423 -790 353 273 -943 673 955 285 281 -610 -968 -584 546 -159 593 309 990 -435 372 -78 229 833 -734 -564 658 -985 640 942 674 85 -46 -50 -741 -915 945 -55 887 567 756 862 706 -941 -54 -621 963 649 569 372 202 -836 103 -150 -207 -49 -509 -486 510 -223 -645 -33 -104 -385 -428 543 -201 -402 325 -820 -125 -545 581 -563 127 -871 -939 -794 238 311 -143 -702 690 278 304 -302 -153 -146 -593 -430 -660 210 431 -266 274 710 509 -80 -758 -253 666
-465 -818 499 842 199 711 -864 -20 430 453 824 -226 0 510 -359 -91 365 -139 -788 -521 329 -277 16 511 -562 -422 401 568 424 827 279 106 689 -217 562 815 422 456 569 149 -503 -409 -398 408 -210 -404 -19 -989 783 -525 135 -728 650 -594 -214 25 -180 -706 937 112 707 -973 -872 330 -442 567 490 668 -59 730 -151 569 751 152 3 -656 -742 300 -51 294 -927 962 -331 440 344 33 -847 657 972 -343 -619 898 824 -393 480 892 150 -450 900 274
-147 44 924 699 403 446 297 394 -7 -98 -31 -632 279 81 75 -814 519 -635 -511 179 -496 -743 978 -619 -843 41 94 -215 -103 851 -209 -615 122 -817 310 712 -500 -9 -754 815 -100 753 -262 -432 506 -996 -236 -348 947 -525 -754 -878 724 12 804 -213 698 177 -255 -982 -749 -255 -321 -131 744 442 -131 -119 -567 252 -840 895 154 915 789 -284 229 -749 163 606 -236 942 139 721 -564 811 555 -516 350 -555 941 -375 660 -197 595 142 675 -279 -775 -762
-362 615 850 -314 850 825 327 -66 345 -374 -651 -803 991 707 -888 -690 -954 179 -187 -694 -754 284 134 -817 -684 566 -761 -783 187 937 879 -774 194 -308 -732 -210 -307 411 903 -296 540 -581 -18 566 -430 237 -253 -417 -693 -36 699 -609 -684 -722 -20 -883 25 -975 688 -758 -335 500 -797 888 -779 -956 -323 -206 627 449 715 -285 -115 144 -187 268 356 422 -590 -90 -176 752 898 862 -366 953 422 987 513 259 130 942 319 -51 288 -430 -387 814 -70 -228
913 -102 -697 -784 -624 -416 622 149 22 -661 602 -951 -424 991 758 -423 -533 -52 -245 429 232 305 126 -343 -858 -830 891 -838 487 492 754 -202 -371 767 180 19 -136 -181 -205 -278 288 181 -461 860 -158 550 884 -701 -790 445 798 -33 -323 422 764 862 -863 -424 -328 -722 -251 297 324 454 -167 -428 456 -145 632 965 81 -599 851 -130 -773 880 311 -129 924 903 -225 -367 -893 -349 -316 652 -156 532 -1000 528 -155 -796 -997 -921 -985 -982 165 64 382 572
-119 -669 813 -448 21 781 314 655 -314 852 -502 -259 262 -96 -45 645 -323 953 -18 -234 240 -708 70 -72 -707 -4 -742 259 481 -480 -696 -835 98 -846 -107 784 1000 861 -833 233 -723 797 -795 900 118 -695 -515 -667 39 152 520 298 585 -685 -611 452 -783 -578 814 404 -637 370 27 -439 584 -538 593 -731 518 -467 -550 877 511 -814 885 -266 -729 822 666 -904 741 -498 564 633 -616 -166 -802 -777 -643 -572 -748 -308 -669 617 155 -201 241 368 -839 -275
115 -737 -278 -678 16 -984 -977 -787 -850 -605 284 -100 -942 566 447 348 520 -211 -573 458 -677 587 -317 352 -335 351 254 -172 -512 -429 -927 -542 -659 -496 69 -784 255 -444 537 -593 -42 499 382 470 942 -349 -418 670 163 -406 -668 -79 -506 629 48 331 -286 -435 -112 462 -180 780 267 79 -309 802 -264 470 333 882 670 -663 -16 -669 578 -232 168 -415 -59 527 -148 760 -77 945 498 513 30 -332 18 -424 403 571 -522 -546 -180 -490 -836 -232 -489 785
231 822 -751 -924 369 -254 -476 -992 -29 -465 -667 -54 145 529 667 580 -851 389 373 901 46 -180 642 -661 610 -570 968 -60 -774 -853 -191 -469 -23 -892 -56 -508 -831 -387 -586 783 -539 30 278 386 -901 -697 284 450 -447 -754 -745 974 405 -868 -979 -43 -615 -20 -859 -714 42 -339 -600 -456 -916 -901 208 775 -960 -758 264 237 -956 -921 -643 -802 167 -608 -212 -336 866 813 -181 745 -212 595 -87 -603 -550 150 -159 -967 -869 -206 -957 838 876 -947 558 392
-882 434 718 153 -413 -75 223 781 -652 824 -524 -145 -833 -106 818 685 696 665 -293 372 683 882 16 -343 -133 377 -707 1000 -888 -51 -44 982 93 272 -529 -101 -629 -330 37 -807 -404 -687 -975 621 993 998 601 197 -970 -715 -435 777 -242 325 -820 351 -57 -128 -66 987 -868 -986 -797 201 -273 505 -600 -672 -136 -379 -113 -745 -854 494 -498 -978 264 595 -587 462 -321 -523 -246 -650 40 564 49 495 -868 -38 273 111 894 714 -51 -220 982 981 71 -446
-661 -610 -237 20 296 -538 -242 933 -494 -141 135 -59 5 562 -247 538 870 872 273 -708 -980 -312 -241 350 624 -527 797 598 218 327 -747 468 -903 -822 -808 387 -298 -865 -510 122 -202 932 -26 734 654 314 -365 90 57 -749 130 392 176 316 227 804 -651 -780 614 34 -185 -528 483 -299 -389 554 -63 -876 -573 494 243 -161 -822 -260 -375 -883 134 -406 -345 319 792 158 -373 592 928 -946 457 -700 -950 -942 901 954 318 149 -930 -450 -179 -174 98 -120
516 390 -708 -199 -274 -16 -835 -147 -343 661 -341 -169 -534 -840 722 -195 -31 -302 -615 579 220 -940 93 -568 -321 -33 -573 237 782 522 -276 -59 -902 -621 -99 290 668 848 591 249 358 647 -870 655 -238 -723 212 -887 -957 -358 -715 -882 324 786 -408 417 -918 -788 -749 225 469 -821 372 661 -465 -159 799 -525 275 515 -990 -48 1000 -732 -482 -727 638 241 -359 257 600 -598 -392 196 -901 798 -924 503 757 463 1 -688 -169 260 290 751 -463 -398 744 436
207 -407 978 -93 -921 39 -466 -45 866 414 385 312 -888 -677 -333 -662 -94 969 537 691 899 -509 -454 -763 -45 364 702 -68 124 -113 249 -329 617 758 -810 524 157 -208 -73 -864 188 403 -859 -309 -725 -218 474 333 -576 -507 675 57 935 926 -941 379 109 871 599 -614 273 455 -545 -51 -92 -753 422 967 -705 605 613 209 51 506 -700 622 -834 707 179 352 845 37 248 -791 -544 242 -598 -55 603 -147 452 381 -696 125 -686 -319 -41 -572 -181 -116
811 -314 -985 -149 -854 -161 -472 271 154 104 -143 -261 -150 -849 767 185 -430 -218 842 -458 -111 -275 -815 2 680 -23 999 95 384 721 -849 -577 756 52 -442 136 768 -764 -936 -731 631 976 446 726 -268 -768 -342 820 -135 -355 907 241 -694 -45 -523 -215 720 752 -770 673 724 -905 920 -487 872 6 21 -505 147 283 857 962 -338 723 -902 -662 908 984 973 304 411 910 145 -416 701 -864 -863 295 -746 890 492 -38 -150 64 690 -536 -214 18 691 404
-545 -648 248 -517 604 12 -550 -287 -937 63 585 274 746 502 -329 -767 721 54 645 -133 99 -885 -145 863 -372 -12 659 244 -492 -848 496 567 223 970 776 962 -851 -311 -383 615 987 -376 56 -969 -186 -639 379 166 408 -542 -183 -403 -149 -561 689 108 -831 736 184 609 -572 25 -999 587 498 -543 -584 745 -33 -868 -555 751 -698 -527 -633 -411 650 -992 -294 -299 415 204 927 -191 -600 -191 36 -482 507 -780 71 -363 -474 262 51 840 307 -316 333 779
-485 533 -233 225 333 16 717 -492 654 -374 -101 376 2 -15 -489 -737 -482 -293 646 417 997 345 -305 -845 742 851 887 626 74 -288 -688 -225 583 -296 566 -821 -590 785 574 -613 -916 465 439 864 789 385 -231 -698 23 601 958 -791 740 963 -542 -264 -500 200 783 -152 729 84 -654 178 379 -129 79 -61 -222 905 513 -238 -927 -400 425 -832 -693 -249 -214 77 -733 -360 6 945 -294 704 474 525 953 821 429 -605 -891 896 124 505 982 -618 -260 -310
-250 -322 -356 75 -597 -953 222 -264 930 -12 -36 186 -756 535 -281 -4 -210 883 -707 -173 426 -356 -684 -40 990 282 -476 681 -7 -2 -58 512 134 416 -482 246 198 -304 962 903 318 816 215 536 680 -48 868 206 34 -33 -349 891 331 518 -951 -345 -813 698 830 -299 -245 917 614 637 287 -743 218 -103 111 -863 -75 419 586 532 258 -467 -137 866 568 -472 -40 -623 -704 -850 74 -241 -390 578 -321 315 -283 999 458 518 -944 493 462 -123 398 773
-708 -643 -800 265 319 -514 -604 -452 117 852 937 658 442 651 166 884 476 10 286 448 305 -105 165 -949 27 349 -882 484 565 208 399 -980 657 734 -226 934 -478 -190 -928 -7 -808 -978 -540 -819 -380 -55 -27 245 806 -866 -253 -864 -520 -862 -511 205 -751 -909 -66 50 748 -790 -493 734 510 -1000 -89 914 380 -691 609 -809 -559 -152 -967 -379 -64 144 -501 613 142 -236 383 -164 60 724 -129 179 -592 -336 641 -574 -870 670 458 529 -941 25 197 -359
-865 195 691 1000 599 71 515 542 195 -155 336 668 -93 -781 968 229 -33 690 -280 -157 -530 432 -226 88 262 -240 626 15 266 126 -599 294 -961 114 900 606 -271 -731 -893 -457 -85 -687 762 -880 -644 241 -881 -662 786 98 771 -998 967 -277 398 -907 400 -666 358 -668 -516 131 119 -684 542 700 -756 -642 -184 -595 686 -875 136 -828 -589 748 668 -631 -114 -989 657 -106 999 723 -925 244 892 784 -158 -133 -574 -983 197 -84 107 -734 566 -278 -865 -29
14 664 -177 747 -339 -703 771 409 241 -401 616 455 -107 -508 508 -36 438 -47 -908 -879 -656 -321 548 -511 -484 -41 -44 48 769 999 -531 264 285 342 118 -140 -277 390 -91 216 334 700 -913 914 -674 395 -391 -493 332 444 -403 -199 92 -521 -443 614 260 852 411 263 388 737 -874 -344 630 299 -607 -105 769 -773 -194 -220 613 212 -830 540 182 373 -921 -883 -622 -928 -598 -547 -303 -632 -917 -336 -27 -11 -774 -22 -68 672 76 661 -53 660 -675 891
-130 -961 170 -849 439 -971 -9 -684 -464 -574 -10 346 -812 751 -975 742 963 -487 554 -562 -359 43 754 420 -497 442 612 478 -880 -746 -101 -37 691 972 913 -17 180 206 605 966 410 319 -612 -818 469 103 -183 458 798 350 840 995 -489 -686 132 -138 623 -632 -500 640 791 2 266 -128 -634 361 -551 576 374 595 152 -694 325 -924 716 714 -556 948 121 -417 231 -335 883 190 969 796 361 925 515 658 -936 -583 -271 64 -896 191 -560 147 -692 -392
-253 -831 -765 58 -182 697 826 -595 293 -339 -825 -125 468 94 54 238 69 -437 537 -20 971 -243 307 -588 -30 66 770 369 -53 244 -921 -861 -61 -624 -921 403 177 -629 -333 81 506 -712 -437 -943 -168 528 -883 -448 -78 161 -222 369 833 158 106 -246 657 609 -530 413 -606 955 -41 -554 -250 -204 616 899 809 65 -168 -12 619 538 -751 -780 -231 -529 -744 -972 930 480 -612 -657 -638 -533 -154 87 -160 -139 -761 -688 -731 38 -616 104 693 582 684 235
-159 -839 551 -960 619 754 -526 435 -564 -290 286 -618 -940 897 338 -665 -826 -18 -253 466 336 942 644 -956 482 -472 -926 -482 -790 987 840 339 -267 321 368 -421 -482 35 215 676 -550 -5 -346 -356 -470 -803 -741 -326 131 307 -583 -776 -626 90 625 -249 -875 162 -272 302 393 -95 -38 110 688 -924 611 -890 252 16 643 532 306 -441 -727 -980 -730 -541 568 -742 324 428 705 644 -54 936 478 563 -742 -69 187 724 -819 899 372 171 394 -251 30 -742
-869 -534 32 -777 -315 -190 225 474 -193 -138 -295 721 737 -623 -855 43 826 -939 164 -242 -655 -546 619 430 471 823 -407 879 -339 75 910 713 694 864 -688 -35 537 510 -655 -899 -964 308 -965 386 274 -826 -631 -963 215 720 774 -224 -358 -821 -276 -572 343 764 65 -303 624 -266 979 -111 72 804 478 730 -295 -86 335 -792 -768 475 -721 626 709 686 937 -756 -814 -866 449 -445 -356 159 -845 -588 -295 461 835 -225 -638 -829 411 230 919 -315 -716 -328
-977 322 -291 -684 531 124 -588 957 -657 240 -766 933 -780 -538 731 200 42 972 -61 -248 574 -277 -639 412 960 66 -310 -924 -769 880 24 665 -110 593 -101 45 688 -806 -484 -201 621 17 -669 484 850 964 57 57 -379 -410 697 -771 -372 -587 779 -509 -614 -308 -84 662 902 -849 764 -500 328 -163 37 -66 352 -350 911 -18 -473 23 -417 -699 -627 654 -233 708 -818 944 907 -484 -794 -760 83 507 -65 -916 -583 614 -462 -994 603 276 520 723 -566 177
413 847 766 -801 -463 749 836 -460 36 -13 395 621 -318 947 712 -21 163 347 -692 831 39 838 -822 -716 -424 504 405 172 163 -197 122 -366 217 -683 198 17 370 172 890 840 -752 607 335 -292 -91 -861 -559 -524 -29 -341 -373 918 569 506 290 869 81 750 -5 -949 432 362 518 299 612 801 919 -209 -378 596 792 -937 -704 -282 633 887 920 578 -758 213 -904 506 -200 -328 -233 -915 111 481 -988 660 -338 -507 -972 471 188 575 -208 -4 784 -306
-483 532 -270 252 -92 447 123 451 370 226 273 -957 970 -225 374 -862 430 916 408 521 -568 120 -298 254 -822 -42 282 -524 -739 -676 50 55 343 -137 321 884 -163 498 364 -3 -140 633 -331 988 871 -963 211 780 -606 -566 275 155 327 -728 -457 173 -869 287 244 158 433 470 -789 -841 -689 -478 923 583 -186 989 -563 -379 -46 414 -504 -178 -738 104 -288 -189 914 -680 -105 -476 -493 983 -40 126 -716 686 330 664 -779 -97 401 671 -991 318 624 -86
