-987 319 202 363 -634 -128 -978 -707 -202 132 -219 978 -498 735 -525 -345 -11 -766 324 32 925 -404 321 661 559 -287 -896 -660 -168 857 -344 -404 -503 985 -239 957 -581 809 -111 -997 -385 599 -175 -283 246 -357 56 -868 -221 947 -104 -466 953 -345 -181 -943 -115 -207 -614 401 13 -516 -429 835 -721 -645 -829 44 186 399 -138 -44 -385 177 168 110 425 -484 -843 188 -819 192 -422 -268 788 -144 587 508 -796 29 -157 936 774 194 -374 106 -74 731 479 193
-868 741 91 -304 442 539 -198 316 -620 190 -42 -173 24 665 804 -258 808 322 -721 -817 217 743 -316 -852 -538 21 520 -842 917 353 -439 513 344 11 -664 -836 936 -937 -284 382 -809 767 91 338 -892 -579 -988 544 800 -871 225 471 -672 -827 648 -54 886 -470 708 408 -535 798 -172 -344 -118 -751 -298 191 -492 764 174 -82 375 -294 186 -138 -755 919 -160 -250 977 440 58 -360 670 606 460 -78 379 61 -948 -697 381 -568 -933 671 597 -206 -588 -884
241 627 -740 -304 -275 929 526 -105 -534 309 -262 64 612 773 107 191 -769 200 -520 -120 -490 60 -149 545 547 -166 -776 107 -628 -113 222 937 950 -953 -780 -10 504 446 736 -509 -763 234 -704 -790 -57 34 885 -27 -955 -258 850 136 -130 72 813 -82 414 633 -658 144 296 -925 -738 984 -60 203 -114 686 -569 379 -822 867 547 -949 -500 -34 -131 759 -45 1 360 -175 668 85 -743 -858 858 155 485 -303 -151 -109 592 -580 2 174 86 558 315 -310
928 180 663 -740 -116 -71 599 499 514 -542 243 -400 459 744 -411 -8 -272 60 -122 -678 -795 -636 -57 -187 -118 -784 -740 416 -282 -473 -993 136 -386 -144 995 882 -414 724 743 724 -319 755 -118 -29 -184 -993 -283 -974 35 970 -321 -496 -441 -942 -163 -327 -825 529 -601 498 955 811 728 -1000 -336 671 -890 -451 -985 286 25 489 169 816 181 554 71 890 468 -349 -926 -83 -313 -769 -218 -387 976 -580 554 -362 101 414 697 -196 642 -694 -112 811 803 671
-956 -512 886 -209 -214 -939 379 -389 559 468 981 -55 -573 -408 -447 287 -241 -588 -435 791 -139 712 -748 156 -161 121 -727 609 865 588 938 776 682 273 757 449 523 972 601 -907 -633 -404 257 942 -558 329 -17 884 117 -249 -726 -863 109 -708 -156 -12 -233 -614 689 252 505 -489 -565 668 -895 931 496 254 686 982 426 -138 -677 -860 941 338 473 552 -894 183 504 188 368 -420 -808 -417 -485 -403 828 650 201 764 -803 -45 889 -446 -12 760 705 484
281 -737 -999 -110 -507 88 348 -963 -462 -104 -932 894 -173 -508 -883 901 -300 -177 -876 818 981 244 645 -86 -352 61 -346 675 501 -146 652 482 140 -743 -169 678 799 -659 -593 -773 519 -635 -276 -637 639 -448 187 -260 -203 -190 421 -615 -486 520 55 -200 731 -968 361 991 29 214 834 -204 337 728 400 162 674 723 474 216 93 -964 -949 50 178 -815 973 595 -358 203 694 -655 -828 -647 -744 481 918 -565 -459 -654 734 331 946 334 51 753 456 147
779 823 -90 543 126 -656 -92 822 -427 900 -304 -623 -958 -110 67 -750 920 -650 850 251 324 -436 381 95 595 -843 -157 603 494 -847 373 -716 -804 -218 552 -46 -414 -532 -889 779 391 -674 422 -684 -652 796 -500 398 -444 -473 -606 -581 481 -271 953 -544 526 812 318 408 618 -660 -664 -465 -147 -552 -947 82 442 -397 156 922 -155 -955 -537 757 391 -121 560 -926 827 513 -909 92 -520 -829 -270 -135 484 -851 100 768 915 -258 -805 -531 341 -84 -755 -604
39 -974 491 219 234 -352 -32 385 -427 -405 -814 278 306 318 219 -43 -931 -903 890 -117 442 -409 -507 744 -378 442 -400 624 230 367 -494 -995 -125 -644 -570 -608 -25 21 603 849 -875 882 513 -997 -28 -467 206 -859 -108 -556 -662 -482 -539 68 480 516 -950 181 -352 -976 1000 -785 -586 130 -61 95 12 438 866 131 -174 -663 977 -849 -986 368 329 -313 -456 -169 -46 482 56 17 -70 290 -268 -303 -468 768 442 -308 -499 693 239 398 572 742 289 557
505 271 -210 931 -403 851 -872 -761 -151 159 468 625 21 -945 -628 402 -603 -730 -26 -516 306 -212 500 -932 817 402 839 715 922 -457 -170 -982 -117 107 508 -10 -840 28 606 -428 -173 384 282 548 329 487 7 578 47 -275 -615 853 309 164 651 100 238 -814 -195 -694 -119 300 181 -365 -237 -344 27 44 -279 -223 -194 494 515 934 -218 343 90 -38 -461 30 -1 496 316 859 -937 -935 248 -155 -668 -544 -922 306 548 895 491 453 -621 177 -860 58
67 -115 -910 299 -659 -220 -676 334 193 -34 -142 -788 -71 613 969 971 236 147 415 893 159 -820 -858 789 789 712 320 646 -331 -231 -598 814 461 -927 -538 -728 282 -925 492 -879 -875 13 -974 100 788 938 -942 -619 275 303 -856 -511 400 9 -185 745 -879 -344 939 -107 -902 -214 -723 9 31 749 557 467 41 -829 357 828 603 -833 -231 -562 -150 -525 20 -863 -442 540 506 820 -299 685 40 884 731 237 562 -14 -837 -393 974 802 -811 297 259 506
-244 961 -703 668 717 -838 883 723 -216 -550 624 162 -848 178 -347 -128 -379 -888 168 -341 212 -492 768 147 752 -280 -469 -234 878 681 958 -855 -488 699 -983 498 177 -254 -618 -273 260 702 640 -514 -572 -299 -316 -795 238 632 -315 -323 103 839 985 249 275 219 158 547 193 -85 283 -459 -408 -134 -910 957 -101 -574 152 -978 183 -44 728 -797 422 -475 -102 46 80 804 548 407 -445 -271 38 951 963 241 299 596 -468 -991 -709 -422 -11 418 -200 315
50 -34 184 -226 553 -576 668 -108 528 303 525 -822 -52 -811 -526 -109 -822 284 -280 623 635 151 256 -659 -89 110 -801 311 292 -479 271 -266 29 576 -472 208 121 148 -827 -48 281 9 672 593 -942 648 69 914 -774 -432 557 836 452 -53 149 404 -813 83 807 578 962 -643 -112 -899 243 -13 -371 -339 -606 785 -952 416 710 388 991 -947 -489 286 -381 935 227 543 -972 -114 -856 352 -560 746 -453 6 -218 842 -581 -928 -49 -617 684 830 378 81
-155 494 260 -683 343 -484 -445 -974 -877 985 -962 531 -257 -717 494 -685 936 -277 381 970 617 -350 31 112 -933 -83 -76 -770 -766 704 540 700 741 353 -480 -111 497 -393 -791 -39 -150 88 93 -49 -528 -300 -115 106 -140 -170 -8 793 864 -88 180 -566 364 -272 192 661 -988 9 913 -38 -316 282 312 297 811 -388 137 910 -592 -797 -158 -958 53 273 -933 680 -888 93 882 -781 -539 -293 462 66 -127 493 -147 -618 573 323 -886 712 -785 -182 -741 -217
-424 -805 -602 941 -180 -113 -207 387 -145 -673 340 -261 832 -353 70 316 339 849 -652 584 157 126 -715 -871 635 850 -889 -138 446 812 -805 -109 411 -300 -173 14 -996 647 -103 -134 506 259 963 -286 -62 -538 -411 206 813 453 -798 -197 -658 -142 576 -833 -907 949 924 656 -651 -358 98 255 -81 -993 827 -212 696 381 373 -943 -767 -983 -818 -742 414 0 143 680 621 486 271 -215 -936 -205 -551 -141 -917 -134 873 -338 372 938 -543 -418 812 -616 155 -568
288 400 -572 -353 989 842 767 64 -581 306 -737 -826 -373 982 -904 370 -554 568 -271 726 579 -339 -539 -278 -185 -317 -111 -746 826 611 64 -141 -538 -956 -190 745 -444 -316 773 605 -504 848 30 -177 221 -246 -663 -26 554 423 -411 -709 9 740 316 -38 -298 584 325 -88 -579 -175 514 -928 -484 830 -399 -562 789 217 -117 489 -955 788 873 190 414 915 249 -862 816 -102 109 216 104 -170 -891 418 -166 -788 336 -615 -934 129 -162 -347 -45 523 -48 -942
401 -295 -632 -72 762 472 33 964 100 -404 -232 586 550 -514 -550 -252 557 -181 932 -199 -822 746 840 -452 -60 -916 118 471 -589 144 25 814 16 990 759 -122 -676 700 165 65 504 -719 -307 710 585 -472 73 783 683 -672 86 72 249 733 -812 725 595 -510 -570 657 449 759 -261 -108 691 891 -225 218 456 324 763 -282 631 -500 -332 19 119 211 983 385 -956 -727 -869 794 -319 292 921 -713 -299 501 444 431 474 -689 225 5 901 -593 -654 -597
-972 881 -314 682 -531 -372 513 242 869 -479 999 -563 -928 465 -897 -48 -323 -44 -116 -111 859 -21 -917 -492 -167 -621 317 -577 -327 796 58 738 649 989 466 -182 583 729 -241 492 -345 -993 708 -844 335 580 69 228 429 929 144 550 -450 -939 -232 -155 834 -73 -706 -819 -219 -601 -167 284 -755 760 -87 -277 410 -734 -93 -63 638 850 259 -74 365 -947 -255 -407 519 -411 -142 -513 768 -943 68 215 377 -96 -790 -833 901 285 -231 -541 628 -599 -396 212
396 253 -137 -116 -610 -957 -928 -159 -356 271 277 164 691 -434 471 357 -897 459 294 192 -811 -467 -583 209 386 -261 -631 582 -683 827 881 -545 -946 -280 -654 996 121 -259 -130 -822 -451 -842 117 635 -94 748 561 945 -215 -499 -528 -110 -501 487 712 486 101 679 967 415 -45 -252 -669 446 57 875 -83 -518 -315 157 388 -664 -745 712 -175 204 -557 966 524 -324 563 285 161 -305 -894 104 771 443 934 992 -103 513 48 163 -546 -886 -87 -34 645 -914
-746 -90 99 -809 -507 784 -795 -858 -221 356 -941 -198 62 -608 -195 977 -974 -476 115 837 -907 -46 -230 -927 850 -974 684 -674 524 -548 -930 911 -671 646 425 967 -884 -380 836 185 -215 48 -115 -746 -921 87 -847 693 -65 -377 -404 597 773 -873 -917 406 802 -163 -644 -383 62 357 54 -298 -72 -764 -323 -942 892 472 158 -726 -453 -204 209 -886 829 -549 425 299 -639 706 -561 -751 902 -41 968 116 -745 964 -764 -421 -998 -424 -513 -542 861 445 856 -845
215 184 -380 -74 -311 928 560 -431 470 -903 -43 39 653 498 293 797 -388 -352 499 563 500 -580 30 825 -338 -170 -214 969 132 791 232 471 -276 -824 764 898 -653 13 508 968 598 -388 -519 -854 585 -376 -377 283 226 721 -356 -134 702 -255 -429 878 -222 528 -252 159 909 772 597 -280 591 811 -455 707 -522 -918 515 -186 781 -789 67 -33 261 -49 666 64 501 851 -487 853 844 592 -988 280 439 -376 -465 -137 881 898 134 106 227 315 -155 -234
825 -321 602 -469 -738 -742 -712 -472 -328 -930 332 -22 -728 25 -376 184 -150 -591 350 649 380 -811 -148 365 467 -940 322 300 679 994 -301 257 -424 453 560 84 818 -546 -180 877 -741 -775 -423 444 560 -700 467 240 797 -681 -761 762 -378 -755 -608 920 607 -522 -693 10 659 -556 72 -410 -190 855 -504 -419 945 693 97 -117 -204 -847 -619 -209 284 42 575 715 282 462 -150 680 -941 717 754 -848 418 -523 759 -790 -929 884 208 116 -789 -471 214 -45
385 -44 -132 -101 288 740 -610 -186 755 -762 698 106 278 920 -918 86 -440 5 431 223 -550 -238 -94 277 262 433 -328 766 530 -676 345 717 -422 -838 -343 277 903 558 947 707 -286 554 -604 -300 703 -124 963 -989 -793 -367 -49 -408 -971 84 733 707 -388 586 -297 -719 296 -289 -460 -752 -518 30 -300 -124 -680 -891 -778 -48 274 -674 -65 200 953 -453 485 -971 -354 869 830 252 969 -659 -417 -893 728 -640 -310 -242 503 -230 887 -671 826 260 991 -411
395 264 995 -227 -88 881 131 -657 923 920 178 862 -102 -662 651 94 -68 970 46 -487 626 -964 307 -782 748 -776 -569 -946 -645 284 434 -401 766 -916 193 820 191 565 373 -650 -475 -388 -469 7 600 -412 929 -508 295 600 826 -742 -769 -502 -633 -72 202 961 634 -410 446 783 -529 18 -966 861 -619 -211 327 -367 -929 144 -345 991 -525 -511 -598 525 -483 456 -246 684 -189 -504 -787 661 -947 588 510 512 479 -859 -293 -114 665 -878 -828 132 63 610
-296 -404 785 365 -808 -356 581 915 26 -157 618 -382 -135 -785 -171 275 938 370 614 836 14 -691 57 -863 -979 402 -908 -378 -812 53 -855 -521 -178 456 31 3 -39 260 -738 -357 904 -874 -994 140 -888 -991 -106 -596 -464 -550 966 -279 -17 -88 -547 614 -211 -842 585 857 -507 -537 -189 -912 957 -608 -860 355 -430 407 962 -930 501 -783 -561 -843 963 -939 -443 -985 929 285 597 -421 587 71 956 -590 -7 -276 -701 306 513 524 944 -290 -939 -106 -874 804
225 -324 -940 105 538 -948 -215 -200 203 -100 169 -436 285 0 897 -403 -515 629 479 326 -732 -209 378 -59 -90 -260 732 -325 32 476 165 284 289 299 547 983 -396 -461 420 889 951 -952 770 -191 -120 102 432 8 -66 -522 -444 -539 -156 128 383 -157 -205 464 49 84 -673 118 263 -311 -933 427 751 -422 674 797 -27 187 431 829 -932 19 -909 112 63 -698 832 978 450 -621 -760 105 301 703 -652 531 -205 337 699 -633 -729 -156 281 -78 114 117
562 -537 -271 813 -816 862 -901 -623 -15 246 -290 646 -534 536 -178 194 625 326 -704 -264 726 -936 703 -50 496 -154 861 -735 -281 -715 303 414 205 219 433 -530 -307 -210 -134 891 562 291 980 -992 20 -453 -594 -317 -112 -814 892 382 819 635 -341 642 29 536 733 -779 -653 -368 -6 -968 -60 -864 -757 338 -715 588 -792 -673 720 220 175 -99 -765 -1 732 621 584 -197 58 -305 -341 -441 -953 890 -443 -714 748 -633 -758 139 -854 640 -202 -637 -569 -270
220 -630 333 905 -225 -850 355 -962 943 -120 -507 -49 -813 210 772 -210 530 -951 100 849 -980 831 -798 -556 -374 -696 -555 -901 748 -798 -959 -172 -624 557 375 -539 -277 841 788 157 -622 309 -416 918 638 995 457 -898 47 625 -324 980 -370 -574 -157 -829 -92 -730 456 -994 -256 -901 -115 412 366 -131 429 902 -23 -620 -349 813 253 -573 143 -354 111 306 -88 -430 811 920 -712 -560 -938 -438 490 -782 760 23 -695 261 -750 132 -778 -984 463 566 -555 788
-216 940 814 -977 -537 -787 535 -755 815 499 -664 586 324 -178 -105 -279 503 -222 776 -114 -515 -982 -932 -819 -224 -245 952 -881 671 -958 607 -629 -305 -242 -940 62 181 -672 -960 -561 -201 341 689 -975 -153 293 932 417 191 312 45 -389 890 -441 188 561 46 501 -786 -808 -158 965 -338 848 -459 464 -434 -463 -313 -776 820 -875 -139 -549 265 -24 -382 -631 -417 124 -244 -882 -865 554 5 -104 -489 -719 697 -808 -607 761 775 -980 839 171 845 -881 639 -694
634 584 -521 168 391 73 39 926 -639 -643 -411 444 237 -171 573 48 853 -50 620 -421 -917 885 522 -329 964 737 -420 -169 498 308 -864 829 -552 -906 -819 -332 957 -13 742 -772 -250 131 387 993 966 351 238 -435 208 -148 858 531 575 48 -169 -173 373 -9 -858 -450 945 -88 -119 -986 260 657 -555 -359 -1000 49 382 -807 355 -372 -265 964 214 -414 -374 -425 -194 289 -381 135 427 373 -941 548 -56 -368 314 -95 466 409 -770 -34 769 -688 716 -591
-212 996 284 295 -258 -236 -887 -17 -425 558 306 60 703 982 636 -201 514 780 -671 67 640 143 -171 -6 777 -332 -371 -518 258 -385 -476 870 -63 -304 125 109 -786 62 832 -642 -865 985 202 827 498 -313 -486 -503 907 787 -990 110 822 624 499 -431 917 -537 598 161 405 235 21 -366 -124 -532 382 899 -783 270 -607 315 290 -570 -506 -936 -162 -800 -569 -604 722 -928 -961 313 513 14 876 -553 -157 -750 -21 -575 -38 -876 247 -688 850 -800 -392 -284
559 44 -110 22 -337 -45 398 -134 68 15 449 797 342 -632 125 -519 649 414 790 976 803 548 -891 458 978 -13 -428 -499 245 500 -498 -811 -982 -133 744 980 74 919 -681 199 -492 -933 465 765 804 -312 685 -143 770 498 -1 -517 -25 -729 361 573 686 958 -915 662 -647 611 -137 -667 237 -998 -156 -477 -784 249 -968 895 24 717 -123 965 -963 948 -19 -260 989 871 89 -507 -194 -72 100 11 -864 443 -590 -647 -288 109 963 -395 768 273 522 866
295 276 551 686 511 158 91 256 831 1 818 -439 553 -459 -789 -853 -110 -48 -240 -772 -200 -88 765 107 500 294 -147 290 -69 19 -422 11 69 915 -818 931 -775 -878 -737 -723 352 -163 -883 573 401 871 351 579 491 -431 -427 345 -424 898 -255 771 948 -236 -697 -344 255 550 -772 -583 806 833 535 471 492 908 -244 993 -88 -557 568 345 388 -782 569 486 -800 -410 -733 -834 -529 905 -24 -788 -851 -781 -628 563 -325 801 724 -294 -111 214 -885 -163
-781 -572 -941 307 448 -907 115 -701 -769 -352 -600 -732 644 -95 190 67 -436 769 88 -525 484 18 -814 364 -802 849 -578 -514 -425 129 -159 917 -300 508 620 83 32 -759 -719 159 -604 965 -292 -650 558 -146 796 234 -36 139 -657 -512 596 -121 282 -147 -767 578 331 688 413 362 432 629 -170 -154 358 -91 -673 921 -856 501 -713 56 527 781 324 728 -961 -838 445 653 328 859 910 626 338 697 -882 -238 -774 -439 -397 617 356 940 125 541 485 -259
-986 -886 -788 731 -665 -46 811 380 21 579 -726 -120 316 -939 -443 495 764 -582 392 -869 632 833 71 38 849 -916 913 884 87 -246 -352 -751 -517 -704 -73 126 553 872 -865 771 -443 651 902 -145 781 910 33 938 331 566 19 623 -842 -65 668 787 185 179 273 636 940 -585 89 400 621 -198 729 214 -842 -653 313 729 720 707 175 704 176 -382 -827 922 101 -83 815 607 269 -671 965 94 -30 514 746 -501 416 366 504 -543 -889 836 -660 709
81 562 693 505 660 -846 -102 747 -690 -998 260 768 761 64 423 -736 879 607 -368 508 -103 802 254 -300 685 -191 -509 282 -614 824 934 864 -830 643 811 -144 435 -754 -71 -546 -405 -90 -680 -731 -25 -715 989 -826 143 -178 -952 -973 -120 -597 198 -19 -96 407 417 200 -63 -161 369 420 696 941 760 -384 -444 -125 -583 881 -956 883 -529 -63 -275 -714 -624 -859 610 -598 -566 320 208 -993 -151 145 -293 -507 838 -795 -273 -144 -865 288 -342 344 332 124
663 -364 498 504 282 -438 -165 -731 428 -578 120 502 420 758 329 -548 647 814 -775 -123 428 822 -101 -439 -659 -428 -708 960 -86 454 -546 227 841 -735 204 -246 -522 436 377 403 821 449 -9 -530 -122 -695 529 -458 320 607 547 -19 -157 -638 -954 -506 939 517 -467 940 978 -754 -176 79 832 -729 -849 -208 836 -265 -399 595 182 520 302 -224 449 -135 -139 -549 -364 315 124 -465 -904 960 805 320 477 -960 -605 -149 865 -109 130 -377 925 285 747 968
763 936 466 605 -806 -938 36 807 -993 460 -467 817 383 -217 350 793 -822 -988 -624 -518 677 -460 156 -411 -546 733 -906 746 66 731 -25 -141 -358 722 -259 582 507 782 781 137 -94 650 584 -404 -156 431 -160 144 256 -329 991 462 321 71 -746 -726 62 436 527 -661 270 -7 169 -612 -692 -456 472 576 -516 -585 -433 -712 -917 -811 273 882 -187 911 608 -33 314 -43 79 -914 -814 -214 -891 695 729 -842 -10 -552 363 903 -567 898 -520 453 -852 -6
319 56 -691 910 -86 -143 494 -355 -43 807 424 -174 344 982 -570 -130 103 358 670 115 -265 -459 -832 186 -133 904 236 2 226 852 -861 145 -138 -389 -207 -205 -707 92 -553 290 805 -50 -251 300 -235 -589 381 192 3 -737 431 -275 -140 296 -959 -496 -393 415 -211 -848 246 878 781 -687 854 -625 -413 -242 -947 105 -71 222 -470 686 -350 -75 -554 745 -904 858 35 106 745 498 -704 321 80 -653 340 737 -999 -388 -424 -616 264 -144 -16 734 -65 -422
637 652 -449 777 -410 -144 101 960 83 -612 -917 444 -160 -533 -586 -971 -842 -562 -337 -690 741 -278 464 676 386 187 468 738 370 -131 657 -460 -847 563 -601 -432 -205 188 995 737 -900 -345 -611 -881 -843 658 859 372 968 -565 414 -853 938 -85 471 -57 -630 -894 985 -702 788 -377 338 -373 -847 -314 592 -46 -724 453 477 -585 648 -126 -881 -256 482 731 877 12 987 -430 -545 -762 -631 -904 557 -562 -958 -946 921 -829 -319 951 245 599 -802 139 548 146
-952 -18 -432 800 323 -755 -832 36 306 -306 -459 891 196 -713 635 -862 829 423 676 711 -411 -668 982 839 911 702 817 111 -836 -599 532 980 125 -354 88 202 65 -472 -698 -849 -271 -632 93 -173 255 333 203 -93 42 -419 -389 -706 -862 113 -330 642 315 -199 -370 -289 -181 -715 -347 -155 -641 787 480 -35 0 48 -799 865 882 -398 804 948 -937 -397 -122 859 690 -569 823 497 11 -797 159 66 -602 923 692 251 605 -354 975 -155 -556 264 720 -453
688 723 -299 -111 -876 0 767 526 620 394 -240 154 -698 661 301 130 146 945 -273 754 695 -922 -216 -513 107 -108 961 436 418 -918 -349 -197 -448 83 142 618 879 548 -922 74 210 855 -783 -547 137 424 -75 -97 332 89 -385 463 -11 -562 664 -974 176 32 -448 380 738 594 -613 769 -469 -817 876 -184 -285 422 259 776 970 772 -323 -539 -19 838 954 66 908 963 -493 -653 652 737 -196 803 371 -531 -531 -882 565 266 -741 -766 362 -194 -791 817
-710 -162 201 197 963 -783 996 104 502 430 485 -656 -225 22 -622 971 945 450 -903 908 -132 -373 -675 730 -511 -801 -68 -920 -946 149 358 790 -586 470 715 -51 -261 857 -239 817 -5 -641 372 252 868 935 -187 137 -702 528 -274 -23 -824 497 246 -317 620 864 421 481 -711 698 -906 -882 -8 551 378 44 -136 -403 770 73 -999 61 -273 103 150 -200 912 161 -918 841 97 406 907 380 948 -392 599 -968 425 18 588 -973 -680 -846 -276 -714 704 -622
44 -876 155 -475 -694 923 939 -626 206 190 94 -191 39 -862 562 -169 223 49 527 -408 761 587 542 200 -300 -434 -518 353 453 -292 678 822 166 218 617 420 -896 375 -525 -378 994 -309 -356 712 -997 240 843 -982 859 -600 -837 753 -415 714 739 -187 -32 754 898 -824 375 -706 -751 -552 479 -267 40 10 328 388 -129 -521 590 -15 575 -811 925 -847 -511 718 583 -933 -387 -228 144 -476 594 -634 213 334 144 474 370 -479 -931 776 714 218 -572 628
100 -96 -996 343 -400 -73 364 120 -717 -436 -178 49 46 592 678 263 809 765 -981 924 -264 771 448 620 861 448 -666 -69 -736 -383 -274 -669 697 517 48 -958 307 862 455 -233 -403 663 -235 405 -16 -833 -155 892 -36 938 60 -225 592 457 -149 828 -828 -389 -84 378 -803 500 -175 -385 -934 -238 -418 -392 981 -330 334 110 492 666 914 -985 876 -68 209 -334 347 787 -453 925 254 -962 -128 239 234 757 974 -144 -856 -11 -622 990 225 -73 -647 -132
-671 901 265 -757 -900 -170 420 44 -596 75 -142 -995 763 -846 298 -270 825 964 595 -749 -411 401 888 844 854 -776 666 742 -805 644 -114 42 -470 196 -66 960 -37 -845 -783 -127 461 370 730 -752 196 -679 621 -506 117 536 -279 -714 -539 -768 232 336 -132 589 -374 -119 270 718 860 829 -83 448 51 -57 -202 -764 -61 35 -65 -685 583 -271 -181 294 854 -889 237 295 191 41 -59 414 -556 165 466 -58 -95 501 461 270 638 -604 -758 37 627 377
-868 520 -725 541 5 539 -244 -35 -429 168 810 767 -690 -947 642 543 -399 40 726 -337 577 145 816 -629 -697 855 741 -589 -200 91 598 692 626 624 -956 -67 257 797 201 -882 275 -759 512 -387 -877 -73 226 -326 9 -921 -902 -806 -656 868 -259 469 984 378 -94 -872 -640 -296 505 -32 -913 -87 253 -825 758 454 -467 -306 -310 403 -632 138 878 -291 -985 155 -809 -212 878 113 -781 -802 -290 404 250 -952 285 207 -640 913 315 -724 -795 91 -761 -945
-386 462 211 -250 -15 414 965 64 664 -633 -206 -259 911 127 556 619 963 -614 332 -810 -854 758 982 -211 -434 -323 -117 -323 -681 67 -505 -787 388 -254 359 316 518 884 541 218 -229 328 60 902 -265 356 101 291 -739 258 365 298 446 822 252 -750 -97 993 548 -165 -84 -26 -616 497 -911 -860 -918 808 -659 -587 588 -361 369 -543 355 917 1 -101 21 215 646 -754 938 397 304 444 706 407 -554 -190 -294 67 243 -667 877 -726 705 646 982 495
-634 993 -362 456 -125 988 220 321 -86 983 488 777 627 754 611 -958 -348 -243 -187 581 863 675 -97 -701 -658 -5 652 710 726 880 639 143 -415 82 -362 -828 -7 -420 94 861 -92 522 -57 -798 -637 -952 -178 786 793 594 390 49 441 -594 321 -879 26 788 -695 131 -584 514 -679 -84 -742 653 -808 536 930 -195 672 919 -511 -855 -573 417 -710 619 -854 504 977 590 -190 -998 -123 -440 -333 159 620 546 952 -143 -242 37 -163 113 -55 619 -552 -801
651 -670 -968 -65 -661 -269 876 -712 32 748 727 -76 -903 237 246 -423 330 -338 -528 968 289 -271 826 -79 861 339 99 533 604 50 985 473 233 445 -874 665 192 900 69 -981 -806 -967 -279 649 -275 673 504 663 -452 -954 -383 231 -175 900 531 719 578 526 -327 -368 154 -545 -564 723 537 -448 -38 433 -812 618 583 949 204 100 48 620 663 -593 -484 -512 582 449 -455 437 -970 -772 109 -851 361 127 -88 -567 -1 926 -707 531 -931 542 315 -868
-789 463 683 299 -47 -111 -522 -862 698 -162 -555 553 -971 -684 -628 -199 -312 -283 989 261 579 -948 -976 -870 -102 -573 907 -216 869 855 -272 -743 463 375 -370 -243 -306 762 -404 528 -19 -344 142 567 -686 -562 -759 -198 -297 436 300 822 -947 -532 -41 -330 59 25 537 970 215 -958 -165 -743 683 -746 -117 396 -935 185 474 358 -254 517 -464 512 -54 25 462 862 90 791 -208 -816 -482 91 765 782 -471 -52 860 -109 -903 -902 -802 292 -549 -527 -133 -896
-426 -530 693 530 -17 -811 -843 317 -401 655 512 -688 -883 562 524 30 75 607 -47 82 94 904 -787 890 717 890 -458 -246 -251 962 -109 128 -398 -69 -633 827 327 368 819 -29 -356 -776 706 -647 388 513 -764 212 202 -73 -534 752 573 -837 56 -64 -682 -481 -284 -482 -344 215 -442 -136 690 107 -744 -12 -691 23 968 85 348 -713 413 586 971 221 -902 523 916 512 915 928 -251 389 -208 -725 -160 -23 674 292 -779 127 258 572 176 101 -415 370
945 -339 344 -661 -185 76 -78 58 -689 623 565 -943 747 121 -453 133 -780 590 -433 745 -436 -773 -935 358 377 -686 382 -469 -481 -995 247 266 265 560 11 -634 672 -196 -581 23 46 425 65 413 -604 19 -115 -174 690 586 241 -32 395 739 239 478 -466 984 26 378 -249 -414 507 980 -500 176 -661 704 -649 545 939 -500 -937 718 631 -938 595 -505 -353 -848 978 -838 -132 -483 -161 -364 -732 744 650 438 -572 -142 -849 316 -921 403 -889 -31 -373 801
-198 95 683 -740 -646 783 433 940 -343 865 449 -252 462 -240 -545 596 181 713 -430 476 345 324 591 368 -785 17 407 -970 888 -949 14 701 -87 -49 429 -431 787 -325 194 -300 990 -35 435 405 -233 -538 57 764 -238 -575 156 -657 -784 823 -601 317 -44 664 184 386 -544 34 416 251 -894 687 -872 -841 265 -102 634 976 271 -938 328 -404 830 380 35 18 -464 172 -331 -283 -669 0 -780 -504 -118 223 -835 813 -355 723 935 -739 927 70 -456 -553
386 -364 -131 171 -185 6 -538 476 -947 -81 -245 451 386 -435 711 -372 -40 -152 563 544 -466 983 191 -820 -321 209 -940 994 -150 698 874 -789 688 740 -682 -369 797 698 -914 818 831 -817 254 643 314 -207 -707 726 -651 446 -111 885 -911 -571 -71 675 534 -110 375 23 955 964 29 -201 -498 586 670 203 -414 255 587 -313 3 -589 -85 77 597 796 -582 -266 -304 -576 -342 -45 955 -440 -204 -584 -244 781 410 -907 177 -905 563 -179 -781 -965 -493 790
953 -251 -138 507 56 333 482 -123 -29 -169 795 -941 475 88 -664 -651 -222 181 847 -690 874 -228 -62 654 97 -28 822 967 707 -669 594 -961 -177 275 -945 -151 -809 282 724 -50 -37 -76 377 435 -557 495 -7 838 450 181 5 -226 301 -439 -872 -461 498 -221 -356 -27 -896 293 -554 703 -588 -134 -932 512 -858 61 -88 -727 -92 134 829 -409 -350 765 481 -172 77 -172 -122 -650 692 -800 562 887 -242 -595 -998 -495 -660 985 543 -120 -119 13 455 752
-459 929 330 302 829 -600 -811 -457 578 356 -712 -460 316 249 276 362 128 -88 -399 879 271 -540 249 -46 -231 36 706 -110 -624 446 276 542 671 -929 88 597 -982 39 251 147 -185 -594 924 227 515 -692 -793 644 489 -287 567 61 -558 64 -144 866 163 790 187 981 -554 -750 319 -929 372 -580 -449 917 804 -91 -603 877 805 900 21 -843 -921 378 -939 483 -671 -135 475 445 640 702 -578 -141 -51 -456 -759 -284 -939 -103 922 304 304 159 779 562
-898 321 -686 587 696 -22 -279 -298 -568 521 447 -611 596 866 430 110 -58 608 979 894 -629 -175 -135 209 -323 -154 753 -869 -451 497 -622 -911 -995 152 136 326 -97 347 -539 121 693 746 600 -240 -21 458 245 -28 -745 -677 140 704 -48 -108 283 -298 -118 519 -798 473 -508 545 645 -824 156 -753 -791 735 -353 241 34 -71 -437 -55 132 247 -582 287 97 -624 -871 905 -849 -221 -2 736 -564 903 124 137 535 756 589 -298 249 159 -808 -488 442 -716
-610 848 155 -361 405 -384 855 -25 626 -439 973 409 774 -714 439 -370 -662 924 303 -43 -173 844 -558 -726 -865 -569 567 279 -66 643 -999 -808 -715 -299 -743 -585 511 322 230 26 -464 135 486 -867 -575 -627 533 -705 -155 844 285 -531 -190 267 580 492 -142 -674 840 656 -628 -152 -842 -62 -516 -4 -975 -896 831 -859 937 910 -501 333 510 689 300 410 -55 934 -453 -765 -572 407 -656 749 316 496 742 290 -961 -233 426 -738 822 -261 250 -420 -498 224
-308 21 877 125 965 746 -691 -775 269 -461 905 -397 -956 -953 572 -568 -484 -581 256 878 871 821 -941 59 -781 -60 351 126 -432 -920 -261 -863 551 -810 296 748 -965 -742 -995 702 -134 -253 941 238 539 -313 -209 890 -462 78 -45 298 759 940 -400 109 -105 -203 -689 -929 -601 885 -96 586 108 306 -85 724 481 503 -457 -72 -9 550 885 204 578 518 -196 -243 -161 -685 -95 -740 582 -944 -204 836 909 319 -402 -729 763 843 641 115 66 -295 587 -971
754 -92 378 -527 -904 -299 536 -336 -741 504 -728 593 969 -633 -279 -427 759 -51 -85 -761 -659 -570 -610 -954 -797 938 -996 -73 725 -911 58 -693 -179 302 622 219 137 -65 -775 553 -883 373 -499 351 -678 501 -876 832 459 914 585 -228 166 -415 24 -791 840 804 267 248 -866 -181 -897 626 -801 -487 -346 606 588 826 -530 -436 -739 -922 -985 -585 453 18 202 453 8 467 -44 34 313 714 -729 -45 715 960 -564 106 -298 32 146 -726 765 -328 -311 989
398 -398 -983 -276 -82 -489 -746 -166 954 -185 -322 894 -90 892 684 215 -501 -378 780 -216 -911 -246 375 -556 -463 -476 -413 -258 679 -563 -126 391 -511 147 910 550 732 -878 252 -216 36 -311 -117 -508 642 103 -197 763 10 -108 -194 966 -495 500 -657 -509 553 334 59 -919 -351 -19 443 951 545 -547 645 -161 -834 325 327 -184 906 -715 812 364 -533 -465 642 -991 94 884 -778 -972 290 431 -510 -483 -187 -744 -301 708 545 -346 -142 255 438 162 696 -772
-754 754 -335 473 -605 -863 -547 -374 676 -676 138 803 213 606 674 -341 925 -762 23 -233 -128 906 11 15 -419 -588 473 -630 88 282 -157 -400 935 256 -584 -854 -121 79 269 -270 -479 -918 -575 -493 245 271 432 -916 -532 770 234 -131 -824 463 470 521 -396 564 237 -581 -848 208 404 499 75 -787 189 521 -965 -677 148 -457 -883 -916 -120 548 -227 844 -997 877 -478 -821 365 497 722 174 711 772 -926 177 -424 333 23 -596 -874 -811 -683 -363 726 -873
715 -195 45 -734 -60 726 -537 929 -763 -348 510 -417 -207 -748 -806 199 -108 981 672 803 -772 -991 -597 373 -3 340 238 -610 -867 -434 -516 810 -329 280 -510 363 327 -290 -804 -673 -822 -207 -780 -180 -238 73 -222 658 -560 -307 -771 90 -732 -479 -357 -44 545 -231 545 923 -39 -786 -226 865 -708 -401 -894 -536 502 -163 420 -463 125 342 -293 111 698 191 -586 933 618 654 -444 99 -459 -3 -445 106 285 -605 -135 207 -911 -841 -58 -643 -724 127 159 666
-344 -874 -830 349 -467 400 119 765 819 582 88 51 -771 980 -128 799 841 -862 -449 560 -101 -105 890 -263 -937 779 963 -425 731 -954 -122 713 -818 899 -743 481 596 530 100 -106 -533 114 209 43 505 875 -163 -7 869 -745 -122 381 275 531 80 -34 -190 7 -964 301 842 -766 -981 -677 683 -733 -693 587 -184 321 -971 297 335 51 991 -896 -492 -204 -120 -986 347 724 -797 -421 523 713 695 -517 -659 -940 -183 624 750 476 -797 -131 -100 241 -662 507
-616 643 -217 -124 275 -509 -689 63 -132 812 890 -641 152 588 513 -523 92 351 -153 -404 813 931 -170 -325 595 -373 -751 -146 216 989 567 -318 840 279 -597 -37 -261 870 680 -665 854 -731 792 -420 535 425 -248 356 807 -71 -991 526 -594 807 767 804 -421 905 -838 833 22 138 -13 -546 -980 805 720 -233 -332 -792 -707 730 -868 877 -489 -168 -80 226 228 -422 366 183 505 -31 -524 -63 735 -9 382 551 -959 -241 664 398 187 100 -952 585 -773 896
-496 759 -523 -257 250 -295 654 -223 558 -483 -942 348 365 758 93 773 285 77 807 835 649 -615 61 -244 147 992 460 98 135 379 533 988 -366 -844 40 608 -410 -424 -919 669 786 -276 -791 84 -279 -863 411 -93 -610 178 465 -859 -95 742 741 -524 342 -465 829 -583 -969 676 301 82 881 -183 912 -259 171 -58 567 -421 93 320 34 -551 801 -951 -414 -603 846 305 -258 205 369 -255 -634 -452 -254 857 -356 416 -339 -779 -174 -892 774 -828 -373 475
-571 -984 -195 -359 983 -804 -166 -352 -26 24 -355 -490 -277 -982 -820 950 192 781 823 -379 543 -362 957 16 377 -465 463 -809 45 298 -61 3 68 678 -309 -868 833 -104 -843 -385 939 -984 382 436 170 -247 815 -36 593 -22 761 472 241 -328 588 711 861 56 842 -845 82 171 -815 -117 866 -763 -580 248 -663 871 -687 -500 -253 186 -583 933 -900 -979 542 -423 -242 -833 -101 84 -104 112 866 151 -894 604 -218 495 -420 311 683 -936 980 769 187 632
591 898 396 -798 626 -174 -959 -69 433 -905 790 406 782 959 -337 152 46 851 158 -710 -24 365 -658 -252 556 782 7 -503 -214 374 786 -329 136 143 -914 -82 -982 -977 93 -963 -394 -629 -222 -862 718 -115 -359 -476 398 -15 465 -307 -789 -466 -235 -508 391 514 -472 324 843 -177 882 23 274 -781 -259 -654 754 -345 -55 973 735 448 -197 -462 -233 680 866 715 278 -534 86 -641 754 61 813 805 646 938 785 98 -190 94 637 -838 -381 30 860 145
-74 491 -482 -135 -797 -768 724 778 -688 -306 -839 -717 -550 -755 -876 429 -253 322 -20 121 -988 985 463 676 -365 -481 159 980 751 -935 -816 -106 -493 85 734 -917 265 -169 -312 -365 327 886 336 -19 733 308 -591 108 -113 -363 110 389 -761 -199 837 -616 638 -54 -302 577 -97 901 282 -434 22 630 -877 -335 -216 -660 -679 -670 935 -932 -162 43 -525 211 -582 -758 -405 -237 869 -616 274 745 -535 -504 844 -549 811 94 -595 -747 954 -662 -866 649 221 190
-235 310 184 -860 -319 159 617 40 494 -498 -588 -101 -373 -273 629 793 236 -96 -393 453 -196 305 -275 0 -199 861 -672 -739 225 -638 139 126 -691 434 503 903 569 -151 843 974 87 720 -351 -537 201 877 887 -348 -241 61 371 -14 367 758 743 818 386 -675 -335 837 182 -488 643 -897 -923 -949 -280 69 -945 391 -613 -342 251 924 -83 -157 -310 92 219 148 -953 -785 66 398 566 -148 -782 -825 550 651 -450 104 892 781 207 -789 814 730 649 -749
-478 538 -211 -366 -98 882 -519 731 -632 86 97 -41 705 675 532 178 -937 -394 -437 712 -484 387 620 -994 385 765 -608 909 -716 -624 284 341 45 647 -652 -606 180 336 -15 980 321 976 -822 -945 -532 244 657 94 135 11 -698 -187 329 -279 222 794 -448 946 -473 -33 566 -395 24 -289 -80 205 15 672 -614 -775 376 -285 -770 467 855 519 -490 -930 297 643 -237 811 156 -156 628 397 860 -804 -913 713 -265 -162 142 -121 116 262 83 341 659 -157
-81 510 -399 833 -797 572 -921 69 -412 -527 396 251 680 -726 550 600 -940 -246 860 334 -837 420 -485 357 740 188 -873 923 -430 -104 620 -708 -461 321 -947 -784 -607 -592 -711 683 992 780 -672 -912 -828 76 -92 -702 170 1000 -689 574 276 -111 -534 -711 922 -936 106 832 77 971 549 -829 -970 875 934 749 129 -758 442 791 344 -905 98 643 822 -114 -423 -350 -415 372 952 382 -59 886 -90 -995 -608 -543 -676 -228 -104 315 -34 -32 588 739 516 989
404 700 -311 249 -274 -312 -753 -412 -360 478 -156 -324 -978 684 128 -870 492 54 954 730 -560 -417 -928 -60 -143 -823 -309 -919 262 -866 30 -228 361 -310 -908 -451 -362 -662 773 8 -901 299 558 869 444 252 38 -781 786 -553 916 -909 -135 109 -268 549 -933 -605 211 161 92 628 403 -317 192 -652 230 81 825 -313 996 -176 -934 -659 -187 753 -333 -861 -425 -845 21 -683 -758 -541 417 -954 191 -544 -819 109 -880 161 726 141 899 -674 824 -649 869 -760
206 -301 918 692 -158 -492 -646 446 181 430 -656 -805 163 964 928 960 -460 817 -720 113 -978 -545 -715 -47 -976 516 -785 -329 634 175 -804 61 740 586 831 -780 -643 460 -320 -881 -443 292 389 669 -258 459 646 -153 -182 208 584 -827 20 -509 206 -283 958 -120 308 -878 -173 -245 25 -679 682 -19 232 142 354 -88 179 882 -70 -118 -850 241 320 -86 252 -99 513 676 692 -316 -797 969 975 140 -889 -868 890 -306 768 267 -843 804 -568 -612 721 -622
-874 891 949 -497 406 -643 -278 860 -306 -938 -422 -670 148 918 -810 936 -416 -787 -158 -148 -21 -350 134 -159 -822 166 71 -91 -545 -970 575 -38 786 735 298 464 -154 21 -440 -624 -476 897 715 -267 205 407 561 -332 876 479 -497 467 -509 -39 -436 -105 -175 879 999 -807 -600 -222 755 -376 172 410 590 963 -186 231 991 42 -137 -852 341 -356 340 675 70 881 -332 870 -704 166 420 -263 573 526 430 -144 912 -607 -291 -531 624 954 626 788 187 703
876 242 -291 -105 857 43 700 -578 640 -553 960 624 615 858 522 589 702 488 -833 -623 -777 83 -309 899 143 425 940 -986 946 793 964 -82 784 -945 -794 -680 -540 983 -489 -949 -965 161 -860 -924 776 416 836 690 -849 -679 -595 590 968 874 737 324 -4 200 -421 -293 -282 -375 500 -385 -726 30 233 734 336 -669 119 -721 -283 445 -833 833 -886 -126 -1000 -26 371 -139 -664 417 327 -866 -422 353 934 -939 -913 912 -927 280 236 -177 -868 675 915 108
221 -438 727 -166 660 411 -828 -453 642 635 840 -77 -924 -959 807 -363 932 -231 894 336 -245 274 -464 616 -86 -184 552 -339 -506 301 -439 -107 -688 739 910 523 87 -816 -269 -22 380 576 -94 1 514 128 387 630 -710 525 440 -319 -402 391 867 996 -293 -972 -159 -862 390 339 -383 969 594 -40 154 -866 317 407 -117 -443 949 708 9 56 771 618 -272 -32 131 841 -90 92 75 64 -608 579 -127 -445 215 624 435 -309 -309 353 782 182 -500 -75
174 642 -691 -118 708 -934 898 99 -45 205 -352 -791 -756 -909 361 -745 728 -815 532 -522 654 555 -619 -350 -631 650 193 85 700 -328 -139 881 -445 188 -112 623 -168 159 -862 -684 -489 127 -469 558 -205 682 714 -954 -996 116 -214 -786 916 102 -610 -277 648 627 995 119 83 75 583 -948 515 -533 978 -42 -76 140 -534 -327 371 281 220 -346 967 16 422 -549 117 637 -737 -645 625 -455 477 -434 -581 -198 848 -826 -135 -4 -572 553 995 -729 618 746
-465 -717 599 518 -274 458 -554 -707 -955 571 -130 -257 -40 641 165 -188 271 945 -85 -282 706 -206 868 328 976 -56 833 -603 667 822 671 -427 829 -931 856 345 143 -389 648 105 699 646 -969 -999 561 985 -57 350 240 357 467 -783 -326 65 163 -846 -143 -565 -344 562 -430 268 31 -392 227 -76 -346 815 852 -787 15 -129 -394 925 792 -398 642 487 86 -800 -359 -721 69 -442 -530 597 -60 -991 -440 512 -795 -552 -956 934 595 733 415 -304 687 935
-311 671 -415 -915 -928 -234 779 428 27 -64 374 820 797 59 838 805 -455 216 -160 -526 140 -800 -335 -578 -756 -228 87 591 -795 -686 -359 -465 -920 605 -527 941 -396 -303 -293 -829 -206 -975 -606 -994 497 -946 -74 -968 34 -247 -549 -935 185 366 578 -165 368 963 369 184 -600 858 438 -952 961 -745 -791 -927 -984 803 -684 521 107 -237 124 418 -532 -988 -580 -809 -140 -194 449 -266 320 598 824 330 971 776 478 -23 608 -401 -128 227 -748 -989 228 854
-745 -97 -675 -512 -916 -759 285 -230 968 112 900 -249 -460 -46 -82 203 129 886 -164 508 -489 -112 -572 223 958 -29 -95 -853 -278 653 -7 -478 -533 492 651 734 804 -247 -269 -481 239 -190 -327 122 -803 391 -766 299 272 -442 416 827 -371 -854 346 994 141 -574 -785 571 -438 -33 389 735 351 -853 -398 -349 778 -501 853 -892 -394 -811 865 -52 463 -336 815 999 200 201 -672 626 -658 -173 682 -866 592 564 -466 943 -906 551 -787 736 -741 343 413 -994
953 -512 -604 188 219 -59 329 221 679 -342 999 956 -176 17 -596 -479 -356 -228 -996 328 -506 -614 624 -273 -636 519 750 971 -451 114 781 470 -800 -912 -620 -993 -491 649 -145 29 -870 -223 60 753 460 595 -734 652 -154 -67 258 787 115 -652 -435 620 -51 -60 361 279 995 -456 29 260 -517 666 -638 209 589 683 -548 448 530 -129 -983 -782 -317 335 17 -674 944 962 545 740 -711 339 12 283 -122 187 762 -290 229 804 -524 -841 752 521 -291 -190
-717 540 547 -953 -190 168 873 923 175 184 -555 273 -659 -509 25 361 -653 -558 609 351 -823 396 -823 957 11 733 281 775 231 169 46 140 -375 970 381 738 243 794 -527 533 -912 743 -552 626 348 751 30 -512 -185 359 -170 -257 -909 899 -132 -80 327 -514 -95 -19 -944 -212 306 78 -409 415 3 -508 940 -548 187 -717 -514 -530 364 34 -313 745 967 284 744 -460 -288 752 -308 292 625 911 249 104 -226 -229 -698 -959 675 -750 -709 668 -463 -921
-197 534 -573 -125 906 -241 -252 -810 -93 -659 476 313 -304 -845 -257 -507 -425 907 -68 -609 -198 650 -462 692 -1 -644 852 -265 283 485 873 -639 -641 680 843 -898 911 326 942 616 -823 899 -367 262 186 650 608 -627 -335 457 -677 -705 329 251 721 -995 486 125 -248 159 265 53 -855 -947 876 911 -477 964 187 -413 640 -520 762 891 -543 647 100 -268 105 859 -399 529 771 -291 745 262 503 516 413 795 123 803 605 260 907 -449 -364 -699 738 -66
798 -500 179 765 -516 -364 -376 101 -141 -80 -334 -444 -128 968 -916 -185 -597 -757 64 607 -747 655 541 -393 356 -670 -383 -808 919 782 296 -147 805 -327 382 -778 -556 -480 -334 789 908 -925 -821 671 179 57 661 276 -769 885 -323 817 -362 -560 -527 -897 -902 -106 -369 -179 282 -242 889 -537 -391 -759 -91 514 637 -416 -262 -825 373 -416 -274 170 -14 267 941 -895 823 604 -586 -366 879 474 -205 -513 951 403 -218 -262 341 -274 -741 -144 493 892 -468 -503
919 -847 80 -105 -384 384 -679 -445 178 202 21 253 -522 -858 199 -753 84 -924 -926 428 -29 -337 406 -282 523 383 697 -916 678 -587 916 590 730 193 -149 763 -823 -447 734 707 -160 -881 820 -125 -944 475 216 -234 901 -131 507 -120 86 399 938 -94 299 -751 -356 110 620 -399 10 -228 -660 -350 544 467 -873 672 -137 125 -185 627 -933 -695 -274 -845 -144 280 646 -369 -427 -938 152 -293 292 77 82 154 462 239 -265 -393 -10 -487 -678 -116 -399 716
-551 -152 -931 -680 -717 -567 427 -673 487 -614 -346 349 987 189 -782 774 788 -975 -653 -929 913 320 -338 -143 -715 608 -922 889 926 -909 0 -652 234 735 512 -563 747 -623 -548 962 443 703 850 -388 392 -77 404 -499 839 -612 -143 746 -229 123 486 391 156 -769 -738 -459 918 -495 73 736 703 -629 220 738 387 681 -616 -785 -877 -23 -74 813 348 385 77 640 105 -781 574 980 921 -866 -512 -734 -25 536 780 -165 728 -222 -288 598 -268 -24 646 -617
82 -789 -768 343 208 388 -349 -94 455 849 -853 -804 814 -701 -171 107 -112 -853 709 409 503 837 375 -857 -139 381 381 -471 -209 399 -52 826 -815 64 616 704 777 887 -64 780 -800 -595 -23 -264 231 -142 -506 124 448 -642 267 358 -751 136 -122 -263 -524 934 -917 -558 -468 -149 -183 444 -997 776 -246 589 709 240 -105 647 -7 -688 615 611 599 -486 353 -396 922 93 -913 685 -296 -905 -732 879 6 553 438 89 187 -867 184 85 -541 961 122 -48
929 909 -620 854 625 -353 -257 -697 515 -736 185 27 502 564 318 -17 -625 -677 -254 -532 -336 485 -23 -82 468 408 -698 -143 670 76 -81 -704 231 -351 -144 455 -688 -164 -372 -197 460 895 -930 412 509 -82 -190 973 487 -702 -127 38 -966 102 281 -987 -177 869 383 278 374 923 952 817 897 595 -604 -14 -399 764 -944 506 -218 -819 781 649 -411 3 435 -908 912 -677 -285 886 16 -33 759 -850 513 -309 775 -157 -62 -563 -531 849 817 -369 -505 -690
56 -498 354 124 430 -382 -159 -392 938 521 -616 259 637 765 753 -918 -113 75 -551 543 -490 -258 -892 915 581 224 -161 -812 -99 788 -390 -228 767 -603 -279 947 320 -865 -752 -326 902 675 -728 213 -272 597 -586 -730 -19 -955 414 681 857 872 -211 -446 -436 -733 -355 723 10 -312 -387 -935 614 937 -552 240 -903 548 599 668 205 586 -556 743 -192 -6 906 -840 876 116 292 -899 -490 714 -653 544 374 668 480 316 -981 -400 881 -882 251 -907 -920 773
469 -590 808 -77 -331 171 998 975 -848 587 586 288 -97 -76 -104 -981 967 141 533 605 20 -649 495 79 800 141 142 761 501 -719 857 638 776 399 36 231 -49 690 899 865 312 87 895 -272 -187 310 497 -201 250 659 -822 -60 67 772 711 694 -385 228 -897 -978 273 553 95 -120 -888 684 876 59 -743 -133 -86 -721 -182 -109 -673 -762 -593 -584 923 -401 584 -943 -419 332 409 211 448 67 125 -516 766 189 570 862 656 -36 849 462 -446 583
471 -494 -853 900 263 0 -201 219 -866 -371 -219 -273 -693 -448 470 -255 566 -122 -226 -503 -282 209 590 -161 -42 987 -95 -889 -263 -322 -246 -958 -595 -332 771 -227 901 -118 -178 -702 871 -618 -500 -281 -336 -933 76 -556 661 628 -910 538 924 -960 -204 -707 -970 467 315 -860 -701 -548 139 813 -727 178 -367 -246 500 -441 -34 466 -437 44 -392 -732 -768 -688 -977 169 -514 90 518 119 811 -798 784 662 -571 -339 -677 873 -32 -187 729 -516 765 559 593 421
-864 1 282 509 -331 -87 405 515 -68 -174 -632 -947 -45 -725 162 -963 681 890 -896 726 537 973 580 -740 -788 973 -550 -598 636 774 590 -56 530 257 -86 -523 -276 63 214 698 323 -813 -333 -936 955 404 -403 -624 618 -673 -74 737 692 699 -222 557 380 -305 315 -328 -697 -160 -402 -635 95 983 144 -927 868 267 -317 -668 -60 -321 850 -274 216 233 278 897 -201 -382 848 -822 117 391 -663 -724 931 296 141 -854 -89 801 483 -935 101 926 978 -258
823 -875 638 -796 -301 -261 372 -793 109 -801 -471 702 657 491 574 481 -19 298 -387 -93 -325 612 -528 160 -381 -148 -949 -722 784 521 -974 -650 -242 569 870 -794 -155 552 673 926 835 -19 -462 904 193 -345 -67 891 377 -13 -466 -958 -629 -205 -54 -955 -173 -225 507 -802 451 -341 736 -960 -237 200 -804 -889 236 944 523 995 -57 951 -667 164 758 191 -117 -940 -131 955 307 -937 -232 574 -198 589 -646 -107 103 -750 -233 609 -432 -98 -65 -663 -171 848
822 -114 134 230 44 -113 -249 24 354 872 -682 835 929 -540 301 -282 -114 515 -808 200 463 890 686 340 -529 -586 286 -117 -408 -953 487 -894 531 384 -982 517 -239 -228 -882 -965 -978 612 465 -185 -180 578 -297 -390 -255 -160 376 673 -164 755 245 205 -167 936 95 -177 450 776 632 -420 -470 -747 526 -120 -582 846 -931 910 -212 979 -543 357 451 541 682 901 48 603 -864 -445 -95 -948 294 -913 -952 616 -287 -972 861 739 -447 388 94 -191 -867 -249
3 -691 -1 289 94 -355 -854 -503 87 985 -718 -216 -627 92 49 804 963 -12 90 -549 -409 -645 2 -953 996 -982 19 -78 -196 -530 -714 838 -66 827 -402 -426 484 -201 -622 871 905 -400 988 -814 78 397 -369 -808 642 932 -948 77 476 -335 174 325 -2 -461 643 -852 -117 -340 918 -888 638 -110 881 -603 -70 331 -189 -602 174 -550 589 -607 222 -801 -835 202 -980 -781 -75 796 984 -57 -441 -722 -331 148 202 -568 -593 -284 -738 895 -234 -780 -683 528
-661 -78 378 810 352 950 497 807 -246 699 -588 311 -32 439 -903 -471 -358 119 -828 881 -627 327 -792 -938 811 67 -781 736 -948 293 563 -565 -167 859 -734 -454 467 46 742 5 947 -466 499 -572 384 -21 -343 -628 -567 612 -661 -60 -689 490 640 901 -463 492 503 767 393 792 -326 -514 535 -441 225 -449 -985 -732 584 -112 -866 -554 239 690 -488 -120 970 -173 -266 897 379 -600 110 -158 546 822 -324 -506 203 -14 269 -491 346 479 -970 -857 -611 498
-628 -658 188 41 -569 -517 -826 -628 731 635 -257 750 762 772 63 636 126 -754 -29 -353 -222 -706 548 73 787 26 641 415 -62 970 -243 221 -880 660 918 141 -134 977 -541 -700 256 765 517 -273 -612 -722 144 -162 -247 -733 208 552 -701 -419 -919 -283 -431 -378 -189 819 -168 -893 -496 -738 331 -181 -489 -183 -695 862 -321 845 706 -9 91 513 393 -867 -926 884 -1000 -795 -75 -5 688 474 449 135 -695 464 373 640 586 103 36 12 225 -660 -142 -72
-360 -617 99 53 -232 -754 -436 -182 -422 354 -137 -583 774 -526 -445 -75 629 776 -755 696 14 908 130 710 406 -678 -662 -157 741 805 542 -482 776 341 156 348 906 413 -417 -724 -875 118 713 -548 -362 575 -780 415 866 -332 -761 818 20 532 -879 367 -886 41 -734 -363 -62 189 454 745 -132 -555 -689 175 -136 -265 -816 866 244 -587 -261 147 -347 369 554 -409 928 346 319 658 404 150 -282 -769 -968 449 -404 959 -131 149 -850 -904 -416 160 -707 382
558 -918 828 -991 -56 582 -97 -563 -988 367 482 281 288 -527 888 -121 -503 -116 -495 -647 629 421 831 -721 405 446 -295 -758 -95 998 139 -435 570 -902 -730 991 -298 -426 -506 443 -239 189 884 636 -730 802 49 550 -785 502 602 -797 627 178 934 485 291 948 205 144 884 468 714 438 -824 -569 990 912 -543 198 429 459 -536 -301 -359 183 -88 453 -61 -375 -373 -917 -67 -101 -88 32 455 -440 386 -857 -63 365 677 -372 -745 -686 678 -727 111 463
